     0/499     7.38G   0.06436    0.3297   0.02975    0.4238         4       640  0.002015     0.152 0.0008089 0.0001464    0.1065   0.01865   0.03115
     1/499     7.42G   0.06461   0.01337    0.0294    0.1074         7       640  0.001681    0.1695 0.0005273 8.623e-05    0.1044   0.01687   0.03023
     2/499     7.42G   0.06307   0.01272   0.02811    0.1039         1       640  0.002517    0.3239  0.001601 0.0002451   0.09933    0.0157    0.0284
     3/499     7.42G   0.06176   0.01238    0.0243   0.09844         2       640   0.01332   0.07386  0.009011  0.001886   0.08327   0.01739   0.01987
     4/499     7.42G   0.05867   0.01195   0.02056   0.09118         0       640    0.8261   0.08604   0.05475   0.01385   0.07893   0.01573    0.0186
     5/499     7.42G   0.05812   0.01164    0.0186   0.08835         2       640    0.8736   0.09903    0.0985   0.02878   0.07249     0.018   0.01729
     6/499     7.42G   0.05545   0.01164    0.0175   0.08459         8       640    0.9106    0.1021    0.1091   0.04393   0.07999   0.01536   0.01863
     7/499     7.42G   0.05322    0.0114   0.01533   0.07995         8       640     0.915    0.1575    0.1413    0.0511   0.06971    0.0159   0.01627
     8/499     7.42G   0.05286   0.01165   0.01391   0.07841        17       640    0.9744     0.185     0.222    0.1116   0.07001   0.01509   0.01536
     9/499     7.42G   0.05113   0.01144   0.01239   0.07496         2       640    0.9707    0.1834    0.2181    0.1004   0.07272   0.01491   0.01477
    10/499     7.42G   0.04833   0.01136    0.0106   0.07029         4       640    0.5813    0.2237    0.2275    0.0891   0.07626     0.015   0.01519
    11/499     7.42G   0.04841   0.01137   0.01024   0.07003         6       640    0.4313    0.2871    0.2997    0.1419    0.0676   0.01444   0.01317
    12/499     7.42G   0.04671   0.01081   0.00972   0.06724         9       640    0.2518    0.3109    0.2863    0.1126   0.06787   0.01436   0.01341
    13/499     7.42G   0.04564   0.01095  0.009221   0.06581         1       640    0.2956    0.5049    0.3732    0.1726   0.06739   0.01368   0.01252
    14/499     7.42G   0.04354   0.01115   0.00894   0.06363         3       640    0.4148     0.316    0.3104    0.1454   0.07305   0.01375   0.01397
    15/499     7.42G   0.04484   0.01077  0.008548   0.06416         1       640    0.4519    0.4635    0.4145    0.1924   0.07186   0.01312   0.01231
    16/499     7.42G   0.04341   0.01101  0.008313   0.06272         3       640    0.4156    0.5098    0.4563     0.174    0.0725   0.01363   0.01235
    17/499     7.42G   0.04352   0.01058  0.008199    0.0623         8       640    0.6115    0.4373     0.476    0.1978   0.07064   0.01322   0.01218
    18/499     7.42G   0.04336   0.01093  0.008072   0.06236         8       640    0.4454    0.5074    0.4216    0.1719   0.07386   0.01349   0.01235
    19/499     7.42G   0.04193    0.0106  0.007711   0.06024         2       640    0.5066    0.5624    0.4982    0.2104   0.07275   0.01327   0.01182
    20/499     7.42G   0.04054    0.0106  0.007064   0.05821         8       640    0.5731    0.5892    0.5459    0.2341   0.07257   0.01338   0.01174
    21/499     7.42G   0.04166   0.01051  0.007043   0.05921         7       640    0.5163    0.5969    0.5719    0.2484   0.07058   0.01295    0.0115
    22/499     7.42G   0.04074   0.01063  0.006901   0.05827         3       640    0.6416    0.5891    0.5984    0.2466   0.07655   0.01272   0.01142
    23/499     7.42G   0.04106   0.01036  0.006722   0.05814         7       640     0.576    0.6593    0.5974    0.2607   0.07522   0.01288   0.01132
    24/499     7.42G   0.04064   0.01033  0.006791   0.05776         2       640    0.6368    0.5476    0.5917    0.2678   0.07574   0.01328   0.01134
    25/499     7.42G   0.03908   0.01021  0.006247   0.05553         5       640    0.6025    0.5617    0.5818    0.2455   0.07691   0.01235   0.01101
    26/499     7.42G    0.0386   0.01014  0.006336   0.05508         2       640    0.5449    0.7273    0.6404    0.2674   0.07397   0.01262   0.01171
    27/499     7.42G   0.03875   0.01042  0.006064   0.05524         1       640    0.6281    0.5439    0.5823    0.2725   0.07154   0.01269   0.01073
    28/499     7.42G   0.03778  0.009947  0.005861   0.05359         3       640    0.6223     0.551    0.5874    0.2605   0.07184   0.01297   0.01171
    29/499     7.42G   0.03814   0.01025  0.005642   0.05403         6       640    0.7029    0.6564    0.6633    0.3028   0.07094   0.01237   0.01088
    30/499     7.42G   0.03841   0.01019  0.005818   0.05441         9       640    0.6158    0.6522    0.6079    0.2678   0.07562   0.01307   0.01179
    31/499     7.42G   0.03818  0.009996  0.006066   0.05424        11       640    0.7238    0.6165    0.6559    0.2778   0.07857   0.01241   0.01094
    32/499     7.42G    0.0375  0.009983  0.005672   0.05316         2       640     0.738     0.575    0.6328    0.2953   0.07716   0.01274   0.01082
    33/499     7.42G   0.03672   0.01007   0.00534   0.05214         7       640    0.7303    0.6495    0.6736    0.2815   0.07824   0.01218   0.01035
    34/499     7.42G   0.03608   0.00982  0.005138   0.05103         3       640    0.7599    0.5587    0.6571    0.2874   0.07699    0.0124   0.01063
    35/499     7.42G   0.03701   0.01007  0.005321    0.0524         2       640    0.6655    0.5594     0.599     0.287    0.0776   0.01234     0.011
    36/499     7.42G   0.03711  0.009942  0.005351    0.0524         9       640    0.7295    0.6348    0.6496    0.2958   0.07734    0.0122   0.01099
    37/499     7.42G   0.03643  0.009812  0.005205   0.05145         3       640    0.7096    0.6317    0.6876    0.2945   0.07498   0.01202    0.0103
    38/499     7.42G   0.03594  0.009652  0.004925   0.05052         1       640    0.8052    0.6059     0.701    0.3445   0.07497   0.01246   0.01122
    39/499     7.42G   0.03675  0.009776  0.005148   0.05168         8       640    0.7036    0.7004    0.6907    0.3143   0.07541   0.01226   0.01028
    40/499     7.42G   0.03566  0.009524  0.005024    0.0502         0       640    0.7508    0.5996    0.6351    0.2875   0.07495   0.01267   0.01075
    41/499     7.42G   0.03662  0.009656  0.005193   0.05147         2       640    0.6704    0.6673    0.6729    0.2785    0.0738   0.01252   0.01104
    42/499     7.42G   0.03561  0.009564  0.004735   0.04991        15       640    0.7405    0.6326    0.6805    0.3364   0.07131   0.01279   0.01077
    43/499     7.42G   0.03587  0.009463  0.004805   0.05014         2       640    0.7019    0.6615    0.6642     0.318   0.06722   0.01346   0.01075
    44/499     7.42G   0.03591  0.009549  0.004591   0.05005        11       640    0.7748    0.6147    0.7053    0.3284   0.06693   0.01322   0.01115
    45/499     7.42G   0.03576  0.009616  0.004695   0.05007         5       640    0.6867    0.6181    0.6294    0.2949   0.06954   0.01253   0.01037
    46/499     7.42G    0.0344  0.009273    0.0044   0.04807         2       640    0.7388    0.7108    0.7117    0.3469   0.07013   0.01254   0.01076
    47/499     7.42G   0.03514  0.009677   0.00469    0.0495         5       640    0.7726     0.616    0.6694    0.3285   0.07324   0.01265   0.01019
    48/499     7.42G   0.03527  0.009735  0.004628   0.04963         6       640    0.8242    0.6398    0.7244    0.3577   0.06947   0.01269  0.009886
    49/499     7.42G   0.03461  0.009621  0.004572    0.0488         2       640    0.7316    0.6726    0.6979    0.3482   0.07022   0.01326  0.009913
    50/499     7.42G   0.03468  0.009501  0.004546   0.04873         4       640    0.7477    0.6904    0.7175    0.3272    0.0719   0.01265  0.009818
    51/499     7.42G   0.03475   0.00952  0.004579   0.04884         1       640    0.7756    0.6761    0.7345    0.3662   0.06643   0.01281  0.009594
    52/499     7.42G   0.03384  0.009175  0.004268   0.04729        11       640     0.697    0.6499    0.6964    0.3285   0.06616   0.01354   0.01058
    53/499     7.42G   0.03433  0.009657  0.004189   0.04817         1       640     0.716    0.6577    0.6981    0.3345   0.06749   0.01319   0.01031
    54/499     7.42G   0.03379  0.009195  0.004389   0.04737         1       640    0.6885    0.7617    0.7206    0.3441   0.07375   0.01253  0.009734
    55/499     7.42G   0.03456  0.009304  0.004364   0.04823         2       640     0.705    0.7611    0.7541    0.3547   0.06651     0.013   0.01009
    56/499     7.42G     0.034  0.009495  0.004105    0.0476         3       640    0.7862    0.7234    0.7507     0.326   0.06611   0.01318   0.01001
    57/499     7.42G   0.03247  0.009104  0.003905   0.04548         5       640    0.7582    0.7205      0.76    0.3717   0.06301   0.01307   0.01019
    58/499     7.42G   0.03379  0.009079  0.004233    0.0471         4       640    0.7869    0.6699    0.7098    0.3628   0.06509   0.01302   0.01005
    59/499     7.42G   0.03215  0.009351   0.00384   0.04534         7       640    0.7779    0.6839    0.7331    0.3443   0.06568   0.01322  0.009669
    60/499     7.42G   0.03394  0.009016  0.004105   0.04707         2       640     0.789    0.6843    0.7252    0.3716   0.06509   0.01258  0.009977
    61/499     7.42G   0.03353  0.009372   0.00427   0.04717        14       640     0.837    0.6427    0.7104    0.3629   0.06612   0.01319  0.009619
    62/499     7.42G   0.03271  0.009026  0.003845   0.04558         2       640    0.7511    0.7564     0.751    0.3742   0.06409   0.01328   0.00968
    63/499     7.42G   0.03307  0.009324  0.003874   0.04627         2       640    0.7506      0.69    0.7334    0.3715   0.06451    0.0132  0.009463
    64/499     7.42G   0.03301  0.009258  0.003798   0.04607        11       640    0.7301    0.7327    0.7526    0.3855   0.06596   0.01309  0.009162
    65/499     7.42G   0.03245  0.008965  0.003484    0.0449         8       640    0.8233     0.681    0.7563    0.3834   0.06673   0.01325  0.009484
    66/499     7.42G   0.03277  0.008991  0.003882   0.04565         1       640    0.7329    0.7277    0.7438    0.3804    0.0667   0.01326  0.009784
    67/499     7.42G   0.03216  0.009036  0.003824   0.04502         2       640    0.7982    0.6593    0.7168    0.3383   0.06218    0.0141  0.009828
    68/499     7.42G   0.03266  0.009168  0.003561   0.04539         2       640    0.7252     0.731    0.7334    0.3747   0.06117   0.01361  0.009571
    69/499     7.42G   0.03257  0.009031  0.003649   0.04525        10       640    0.7742    0.7056    0.7348    0.3357   0.06199    0.0134  0.009238
    70/499     7.43G   0.03249   0.00895  0.003611   0.04505         7       640    0.7457    0.7614    0.7618    0.3852   0.06132   0.01423  0.009487
    71/499     7.43G   0.03192  0.009147  0.003677   0.04475         2       640    0.7553    0.7615    0.7724    0.3633   0.06355   0.01359  0.009237
    72/499     7.43G   0.03193  0.009081  0.003682   0.04469         3       640    0.8074     0.741    0.7819    0.3804   0.06142    0.0138  0.009233
    73/499     7.43G   0.03137  0.008883  0.003316   0.04357         9       640    0.7499    0.6952    0.7489    0.3732   0.06136   0.01349  0.008978
    74/499     7.43G   0.03145  0.008774  0.003404   0.04363         7       640    0.8041    0.7258     0.784    0.4088   0.06147   0.01336  0.009126
    75/499     7.43G   0.03113  0.008703  0.003251   0.04308         2       640    0.7774    0.6923    0.7417    0.3709   0.06237   0.01371  0.009685
    76/499     7.43G   0.03087  0.008752  0.003371   0.04299        11       640    0.7942     0.743    0.7843    0.3835   0.06148   0.01379  0.009569
    77/499     7.43G   0.03107  0.008855  0.003239   0.04317         3       640    0.8409    0.7206     0.773    0.3933   0.06068   0.01379  0.009091
    78/499     7.43G   0.03128  0.008605  0.003234   0.04312         5       640    0.7877    0.7456    0.7732    0.4016   0.06129   0.01449  0.009153
    79/499     7.43G   0.03128  0.008945  0.003576    0.0438         7       640    0.7921    0.7392    0.7531    0.3802   0.06104   0.01397  0.008752
    80/499     7.43G   0.03067   0.00861  0.003246   0.04253         1       640    0.8259    0.7437    0.7973    0.3766   0.06119   0.01386  0.009057
    81/499     7.43G   0.03099  0.009139  0.003097   0.04323         3       640    0.8567    0.7657    0.8295    0.4163   0.06054   0.01385  0.009343
    82/499     7.43G   0.03061  0.008521  0.003079   0.04221         6       640    0.8056    0.7933    0.8252    0.4009   0.06096   0.01376  0.009496
    83/499     7.43G   0.03021  0.008622  0.002955   0.04179         5       640    0.7997    0.7818    0.7958    0.4223   0.06172   0.01373  0.009066
    84/499     7.43G   0.03008  0.008809  0.002897   0.04179         7       640    0.8264    0.7972    0.8334    0.4108     0.062   0.01356  0.009316
    85/499     7.43G   0.03025  0.008602  0.003152     0.042         3       640    0.8001    0.7443    0.7845    0.4164   0.06436   0.01347  0.009146
    86/499     7.43G   0.03088  0.008471  0.003153    0.0425         5       640    0.8408     0.749    0.8074    0.4123   0.06444   0.01405  0.009144
    87/499     7.43G   0.03053  0.008728  0.003147   0.04241         2       640    0.8272    0.7649    0.8197    0.4282   0.06114   0.01372  0.008778
    88/499     7.43G   0.02989  0.008715  0.002862   0.04147         5       640    0.7711    0.8042     0.804    0.3911   0.06103   0.01366  0.008786
    89/499     7.43G   0.03036  0.008484  0.003012   0.04185         4       640    0.8035    0.7611    0.7692     0.405   0.06082   0.01402  0.009265
    90/499     7.43G   0.03056  0.008526  0.002957   0.04205         2       640    0.8608    0.7062    0.8075    0.4232   0.06087   0.01391  0.009173
    91/499     7.43G    0.0297  0.008416  0.002818   0.04094         4       640    0.7861    0.6959    0.7213    0.3565   0.06703   0.01356   0.00894
    92/499     7.43G   0.03021   0.00854  0.003028   0.04177         7       640    0.7924    0.7529    0.7964    0.4135   0.06619   0.01363  0.009083
    93/499     7.43G   0.03045  0.008643  0.003085   0.04218         8       640    0.8027    0.6765    0.7651    0.4049   0.06624   0.01374   0.00953
    94/499     7.43G   0.02935  0.008704  0.002838   0.04089         0       640    0.8187    0.7835     0.799    0.3999   0.06704   0.01345   0.00898
    95/499     7.43G   0.02879  0.008283  0.002733    0.0398         7       640    0.7341    0.8074    0.8135    0.4128   0.06574   0.01369  0.009036
    96/499     7.43G   0.02849  0.008302  0.002956   0.03975         1       640     0.783    0.7447    0.7822    0.4053   0.06834   0.01358  0.008917
    97/499     7.43G   0.02995  0.008503  0.002845    0.0413         7       640    0.8144    0.7579    0.8072    0.4114   0.06606   0.01417  0.009061
    98/499     7.43G   0.02889  0.008288  0.002763   0.03994         7       640     0.796     0.774    0.7982    0.4188   0.06455   0.01388  0.009017
    99/499     7.43G   0.02978  0.008543   0.00293   0.04125         6       640    0.8009    0.7424    0.7821    0.3839    0.0613   0.01366  0.008822
   100/499     7.43G    0.0296  0.008481  0.002997   0.04108         7       640    0.8019     0.801    0.7903    0.4153   0.05883    0.0142  0.008687
   101/499     7.43G   0.02894  0.008159  0.002689   0.03979         1       640    0.8304    0.7899    0.8105    0.4268   0.05955   0.01443  0.008351
   102/499     7.43G   0.02914   0.00857  0.002917   0.04063         2       640    0.7794    0.7955    0.8089    0.4224   0.05996   0.01389  0.008675
   103/499     7.43G   0.02832  0.008379    0.0025    0.0392         3       640    0.8058    0.7738      0.81      0.42   0.05996   0.01439  0.008642
   104/499     7.43G   0.02969  0.008182  0.002822   0.04069         6       640    0.8019    0.8213    0.8285    0.4105   0.06014   0.01442  0.008611
   105/499     7.43G   0.02883  0.008621  0.002889   0.04034         4       640    0.8386    0.7904    0.8152    0.4222   0.05973   0.01428   0.00883
   106/499     7.43G   0.02882  0.008623  0.002572   0.04002         2       640    0.8528    0.7661    0.8368    0.4379   0.05965   0.01393  0.008366
   107/499     7.43G   0.02883  0.008328  0.002704   0.03986         5       640    0.9214    0.7609    0.8565    0.4394   0.06196   0.01437  0.008632
   108/499     7.43G   0.02826  0.008048  0.002646   0.03896         7       640    0.8412    0.7602    0.8091     0.416   0.06234   0.01395  0.008748
   109/499     7.43G   0.02876  0.008461  0.002884   0.04011        10       640    0.8383    0.7679    0.8175     0.423   0.06111   0.01416  0.009049
   110/499     7.43G    0.0288  0.008321    0.0026   0.03972         2       640    0.8064    0.8199    0.8273    0.4036   0.06103   0.01436  0.008939
   111/499     7.43G   0.02833  0.008212  0.002555    0.0391         1       640    0.8284    0.7821    0.8255    0.4404   0.06155   0.01421  0.008607
   112/499     7.43G   0.02793  0.008153  0.002468   0.03856         5       640    0.8351    0.7855    0.8313     0.453   0.06216   0.01418  0.008698
   113/499     7.43G   0.02763  0.007966  0.002483   0.03808         1       640    0.8768    0.7673    0.8224    0.4398   0.06122   0.01438  0.008416
   114/499     7.43G   0.02727  0.008299  0.002716   0.03829         0       640    0.7541    0.7936    0.7791    0.4171   0.06185   0.01429  0.009344
   115/499     7.43G   0.02856  0.008101  0.002857   0.03952         2       640    0.7874    0.8302    0.8174    0.4315   0.05988   0.01429   0.00887
   116/499     7.43G   0.02767  0.008413  0.002749   0.03883         4       640    0.8137    0.7595    0.7828    0.4245   0.06033   0.01433  0.009153
   117/499     7.43G   0.02727  0.007964  0.002557   0.03779         6       640    0.8514    0.7676      0.79    0.4122   0.05997   0.01477  0.009349
   118/499     7.43G   0.02821  0.008162  0.002547   0.03892        11       640     0.843    0.8153    0.8381    0.4381   0.05971   0.01466  0.008935
   119/499     7.43G   0.02793  0.007938  0.002797   0.03866         2       640    0.8724    0.7613    0.8254    0.4378   0.06018   0.01424  0.008672
   120/499     7.43G   0.02798  0.008208  0.002468   0.03866        22       640    0.8664    0.7531    0.8163    0.4172   0.05931   0.01466  0.009114
   121/499     7.43G   0.02712  0.008096  0.002581    0.0378         3       640    0.7976    0.8122    0.8272    0.4386   0.05883   0.01483  0.008762
   122/499     7.43G   0.02816  0.008142  0.002598    0.0389         2       640     0.839    0.8325    0.8653     0.449   0.06017   0.01447  0.008345
   123/499     7.43G   0.02704  0.008104  0.002359    0.0375         1       640    0.8505    0.7803    0.8285    0.4258   0.06108   0.01489  0.008371
   124/499     7.43G   0.02774  0.007976  0.002367   0.03808         3       640     0.833    0.7891    0.8223    0.4421      0.06   0.01487  0.008638
   125/499     7.43G   0.02745  0.007912   0.00261   0.03797         6       640    0.8803    0.7737    0.8538    0.4427   0.05993   0.01469  0.008735
   126/499     7.43G    0.0276   0.00808  0.002528    0.0382         0       640    0.8981    0.7416    0.8167    0.4267    0.0594   0.01485  0.009136
   127/499     7.43G   0.02772  0.008071   0.00237   0.03816         3       640    0.8336    0.8025    0.8331     0.428   0.06313   0.01469  0.008945
   128/499     7.43G   0.02641  0.007903  0.002276   0.03659         5       640    0.8702    0.7732    0.8471    0.4405   0.06351    0.0144   0.00897
   129/499     7.43G   0.02731  0.007842  0.002391   0.03754         2       640    0.8479     0.804    0.8527     0.449   0.06318   0.01452  0.008744
   130/499     7.43G   0.02707  0.008016  0.002389   0.03748         5       640    0.8675    0.7866    0.8521     0.443   0.06263   0.01469  0.008489
   131/499     7.43G   0.02674  0.007873  0.002253   0.03687         1       640    0.8324    0.7887     0.838    0.4365   0.06328   0.01451  0.008581
   132/499     7.43G    0.0272  0.007998  0.002509   0.03771         3       640    0.8419    0.8136    0.8496    0.4487   0.06179   0.01463  0.008841
   133/499     7.43G   0.02634  0.008074  0.002295   0.03671         2       640    0.8356    0.8015    0.8138    0.4321   0.05985   0.01498  0.009015
   134/499     7.43G   0.02705  0.007814  0.002451   0.03731         0       640    0.8282    0.8373    0.8536    0.4336    0.0605   0.01479   0.00914
   135/499     7.43G   0.02756  0.007956   0.00241   0.03793         4       640    0.8771     0.747    0.8134    0.4346    0.0615   0.01472  0.008741
   136/499     7.43G   0.02685  0.007728  0.002342   0.03692         4       640    0.8783    0.7698    0.8335    0.4394   0.05842   0.01506  0.008806
   137/499     7.43G   0.02691  0.007999  0.002513   0.03742         0       640    0.8336    0.7958    0.8265    0.4532   0.05719   0.01485   0.00857
   138/499     7.43G    0.0271  0.008046  0.002484   0.03763         3       640    0.8194    0.8065    0.8191    0.4333    0.0583   0.01493  0.008222
   139/499     7.43G   0.02679  0.007785  0.002223    0.0368         4       640    0.8715     0.802    0.8313    0.4274   0.06134   0.01501  0.008161
   140/499     7.43G   0.02675  0.007912  0.002214   0.03688         8       640    0.9021    0.7945    0.8666    0.4435   0.06318   0.01497  0.008518
   141/499     7.43G   0.02564  0.007664  0.002209   0.03551         2       640    0.8587    0.7691    0.8177    0.4346    0.0631    0.0145  0.008656
   142/499     7.43G   0.02616  0.008006  0.002349   0.03652         5       640    0.8508    0.7812    0.8318    0.4334   0.05996   0.01473  0.008759
   143/499     7.43G   0.02654  0.007911  0.002253    0.0367         4       640    0.8252    0.7956    0.8262    0.4532   0.06008   0.01491  0.008774
   144/499     7.43G   0.02629  0.007866  0.002402   0.03656         6       640    0.8252    0.7818     0.812    0.4337   0.06669   0.01442  0.008448
   145/499     7.43G   0.02565  0.007773  0.002099   0.03552         9       640    0.8489    0.7846    0.8283    0.4408   0.06789   0.01448  0.008381
   146/499     7.43G   0.02646  0.007654  0.002264   0.03638         5       640     0.789    0.8393    0.8292    0.4393   0.06706   0.01481  0.008413
   147/499     7.43G   0.02601  0.007791  0.002126   0.03593         1       640    0.7938    0.8279    0.8343    0.4436   0.06684    0.0148  0.008438
   148/499     7.43G   0.02565  0.007804   0.00203   0.03548         0       640    0.8389      0.77     0.825    0.4462   0.06519   0.01512  0.008483
   149/499     7.43G   0.02626  0.007922  0.002286   0.03647         9       640    0.8342    0.8216    0.8532    0.4479   0.06276   0.01505  0.008619
   150/499     7.43G    0.0262  0.007772  0.002368   0.03634         2       640    0.8612    0.7921    0.8338    0.4491   0.06028   0.01519  0.008657
   151/499     7.43G   0.02573  0.007823  0.002219   0.03577        13       640    0.8626    0.8231    0.8647    0.4603   0.06088   0.01477  0.008444
   152/499     7.43G   0.02602  0.007832  0.002018   0.03587        10       640    0.8529    0.8399    0.8554    0.4709   0.06095   0.01475  0.008417
   153/499     7.43G   0.02557  0.007768  0.002231   0.03557         2       640    0.8152    0.7983    0.8197    0.4408   0.06205   0.01514  0.008574
   154/499     7.43G   0.02583  0.007707  0.002342   0.03588         7       640    0.9201    0.7483     0.843    0.4495    0.0604   0.01544  0.008463
   155/499     7.43G   0.02565   0.00787  0.002382    0.0359         5       640    0.8914    0.7946    0.8561    0.4461   0.05873   0.01536   0.00845
   156/499     7.43G   0.02588   0.00794  0.002268   0.03608         6       640    0.8691    0.7826    0.8323    0.4619   0.05887    0.0155   0.00908
   157/499     7.43G   0.02552  0.007539  0.002009   0.03507         2       640    0.8929     0.767    0.8533     0.464   0.06071    0.0158  0.008755
   158/499     7.43G   0.02588  0.007599  0.002104   0.03558         2       640    0.8785    0.7998     0.855    0.4756   0.05685   0.01586  0.008868
   159/499     7.43G   0.02516  0.007665  0.001863   0.03468         9       640    0.8371    0.8618    0.8775    0.4685   0.05704   0.01567  0.009244
   160/499     7.43G   0.02542  0.007472  0.002119   0.03502         7       640    0.8867    0.7784    0.8674    0.4602   0.05756   0.01614  0.009091
   161/499     7.43G   0.02594  0.007585  0.002292   0.03581         4       640    0.8372    0.8307    0.8532    0.4595    0.0607   0.01525  0.008802
   162/499     7.43G   0.02492  0.007682  0.002153   0.03476         7       640    0.8598    0.8446    0.8793    0.4671   0.06414   0.01548  0.008683
   163/499     7.43G   0.02496  0.007548  0.002229   0.03474         2       640    0.8056    0.8567    0.8539    0.4459   0.06497   0.01539    0.0088
   164/499     7.43G   0.02533  0.007729  0.002294   0.03536         5       640    0.8508    0.8077    0.8299    0.4413   0.06338   0.01545  0.008699
   165/499     7.43G   0.02564  0.007637  0.002247   0.03552         3       640    0.8368    0.8024    0.8308    0.4365   0.06115   0.01535  0.008965
   166/499     7.43G   0.02506  0.007693  0.001912   0.03467         6       640     0.852    0.8029     0.842    0.4449    0.0616   0.01553  0.008871
   167/499     7.43G   0.02533  0.007687  0.002034   0.03505         6       640    0.8991    0.7806    0.8524    0.4518    0.0612   0.01544  0.008754
   168/499     7.43G   0.02484  0.007356  0.001959   0.03416         4       640    0.8467    0.8751    0.8711    0.4685   0.06385   0.01523  0.008895
   169/499     7.43G   0.02567  0.007528  0.002201    0.0354         8       640    0.8254    0.8327    0.8429    0.4666   0.06324   0.01521  0.008785
   170/499     7.43G   0.02555  0.007631  0.002207   0.03539         1       640    0.8856    0.7965    0.8467    0.4684   0.06116   0.01524  0.008559
   171/499     7.43G   0.02477  0.007573  0.001963    0.0343         2       640    0.8765    0.7869    0.8555    0.4604    0.0595   0.01554  0.008936
   172/499     7.43G   0.02505  0.007724  0.001946   0.03472         3       640    0.9271    0.7662    0.8374    0.4565   0.06194   0.01558  0.008863
   173/499     7.43G   0.02442  0.007489   0.00192   0.03383         2       640    0.8481    0.8393    0.8551    0.4648   0.06219     0.016   0.00867
   174/499     7.43G   0.02421  0.007245  0.001892   0.03335         3       640    0.8888    0.7937    0.8398    0.4484   0.06172   0.01596  0.008895
   175/499     7.43G   0.02531   0.00747   0.00196   0.03474         3       640    0.8876    0.7552    0.8213     0.452   0.06256   0.01568  0.009046
   176/499     7.43G   0.02493  0.007495  0.002095   0.03452        13       640    0.8184     0.801    0.8176    0.4622   0.06039   0.01567  0.009114
   177/499     7.43G   0.02432  0.007363  0.001963   0.03364        16       640    0.7997    0.8497    0.8431    0.4693   0.05933   0.01574  0.008881
   178/499     7.43G   0.02441  0.007345  0.001807   0.03356         3       640    0.8563     0.817    0.8533    0.4639   0.05853   0.01559  0.008925
   179/499     7.43G   0.02452  0.007401   0.00217   0.03409         2       640    0.8899    0.7631    0.8385    0.4608   0.05892   0.01534  0.008929
   180/499     7.43G   0.02476  0.007471  0.002035   0.03427         1       640    0.8865    0.7652    0.8296    0.4553    0.0579   0.01603  0.008833
   181/499     7.43G   0.02424  0.007309  0.001918   0.03347         6       640    0.8654    0.7875    0.8393    0.4485   0.05897   0.01606  0.008967
   182/499     7.43G   0.02421   0.00739  0.001853   0.03346         1       640    0.8277    0.8127    0.8369    0.4634   0.06038   0.01598  0.008423
   183/499     7.43G   0.02458  0.007379  0.002026   0.03399         6       640    0.8137    0.8325    0.8485    0.4434   0.06082   0.01592  0.008495
   184/499     7.43G   0.02429  0.007333  0.001966   0.03359         4       640    0.8141    0.8126    0.8492    0.4696   0.05873   0.01608  0.008393
   185/499     7.43G   0.02443  0.007389  0.001977    0.0338         7       640    0.8474    0.7871    0.8487     0.451   0.05813    0.0159  0.008666
   186/499     7.43G   0.02431  0.007434  0.001952    0.0337         6       640    0.8078    0.8115    0.8434    0.4671   0.05871   0.01579  0.008629
   187/499     7.43G   0.02399  0.007406   0.00184   0.03323         4       640    0.7854    0.8108    0.8272    0.4433   0.06051   0.01584  0.008761
   188/499     7.43G   0.02417  0.007384  0.001777   0.03333         8       640     0.866    0.7725    0.8199    0.4458   0.05954   0.01603  0.008574
   189/499     7.43G   0.02392  0.007566  0.001664   0.03315         2       640     0.786    0.8019    0.8209    0.4436   0.05927    0.0161   0.00846
   190/499     7.43G   0.02385    0.0076  0.001973   0.03342         1       640     0.801    0.8302    0.8438     0.463    0.0601   0.01582  0.008346
   191/499     7.43G   0.02431  0.007279  0.001798   0.03338         2       640    0.8884    0.7828    0.8546    0.4664    0.0604     0.016  0.008496
   192/499     7.43G   0.02485  0.007423  0.002073   0.03435         3       640    0.8469    0.8244    0.8656    0.4643   0.05912   0.01596  0.008603
   193/499     7.43G   0.02376  0.007231  0.001773   0.03276         1       640    0.8462    0.8398    0.8766    0.4747     0.058   0.01614  0.008311
   194/499     7.43G   0.02353  0.007296  0.001807   0.03263         5       640    0.8212    0.8289    0.8494    0.4598   0.05826   0.01626  0.008197
   195/499     7.43G   0.02437  0.007238   0.00185   0.03346         4       640    0.8104    0.8253    0.8375    0.4527   0.05947   0.01612  0.008309
   196/499     7.43G   0.02383  0.007311  0.001889   0.03303         3       640    0.8936    0.7539    0.8307     0.455   0.05926   0.01619  0.008304
   197/499     7.43G    0.0234  0.007282  0.001791   0.03247         7       640    0.8518    0.7829    0.8431    0.4803   0.06109   0.01614  0.008255
   198/499     7.43G   0.02367  0.007164  0.001928   0.03277         3       640    0.9081    0.7437    0.8377    0.4662   0.06189   0.01609  0.008267
   199/499     7.43G   0.02331  0.007285  0.001692   0.03229         2       640    0.8014     0.821    0.8351    0.4582   0.06175   0.01623  0.008212
   200/499     7.43G   0.02388  0.007242  0.001801   0.03292         5       640    0.8928    0.7529    0.8335     0.464   0.06136   0.01622  0.008147
   201/499     7.43G   0.02363  0.007233  0.001932   0.03279         7       640    0.8136    0.8284    0.8606    0.4806   0.06041   0.01593  0.008136
   202/499     7.43G   0.02397    0.0074  0.001799   0.03316         2       640    0.8592     0.814    0.8461     0.463   0.06028   0.01617  0.008469
   203/499     7.43G   0.02363  0.007101  0.001988   0.03272         2       640    0.8202    0.8153    0.8362    0.4562   0.06047   0.01618  0.008693
   204/499     7.43G    0.0238  0.007198  0.001986   0.03299         2       640    0.8883    0.7779     0.847    0.4648   0.06045   0.01612  0.009032
   205/499     7.43G   0.02361    0.0073  0.001961   0.03287         8       640    0.9259    0.7454    0.8361    0.4699   0.05938   0.01626  0.009154
   206/499     7.43G   0.02327  0.007095   0.00182   0.03218         7       640    0.8543    0.7945    0.8245    0.4533   0.05955   0.01637  0.009192
   207/499     7.43G   0.02342  0.007227  0.001992   0.03263         4       640    0.8872    0.7542    0.8295     0.461   0.05854   0.01627  0.008888
   208/499     7.43G   0.02311   0.00716  0.001755   0.03202         7       640    0.8277    0.8042    0.8246    0.4546   0.05654   0.01645  0.008831
   209/499     7.43G   0.02291  0.007033  0.001761    0.0317         9       640    0.8597    0.7995     0.836    0.4537   0.05638   0.01681  0.008749
   210/499     7.43G   0.02294  0.007063  0.001796    0.0318         4       640    0.8451    0.7902    0.8146    0.4573   0.05686   0.01646  0.008824
   211/499     7.43G   0.02289  0.007181  0.001672   0.03175         2       640    0.8738    0.7894    0.8462    0.4638   0.05658   0.01646  0.008744
   212/499     7.43G   0.02297  0.006959  0.001838   0.03176         2       640     0.883    0.7923    0.8498    0.4629   0.05666    0.0169  0.008803
   213/499     7.43G   0.02279  0.007223    0.0017   0.03171         6       640    0.8586    0.7731     0.828    0.4558   0.05804    0.0171  0.008905
   214/499     7.43G   0.02324  0.007132  0.001913   0.03228        16       640    0.8345    0.8049    0.8361    0.4612   0.05898   0.01682  0.008999
   215/499     7.43G   0.02247   0.00715  0.001745   0.03137         7       640    0.8972    0.7734    0.8335    0.4654   0.05896   0.01687  0.009043
   216/499     7.43G   0.02329  0.007172  0.001976   0.03243         1       640    0.8594    0.8241    0.8545    0.4589   0.05834   0.01698  0.008978
   217/499     7.43G   0.02244  0.007015  0.001525   0.03098         9       640    0.8904    0.8149    0.8621    0.4752   0.05847   0.01704  0.008554
   218/499     7.43G   0.02254  0.007039  0.001779   0.03136         1       640     0.876    0.8094    0.8403    0.4606   0.05884   0.01709  0.008449
   219/499     7.43G   0.02305  0.007072  0.001869   0.03199         1       640    0.7842    0.8352    0.8307    0.4661   0.05903   0.01678  0.008733
   220/499     7.43G   0.02287  0.007028  0.001661   0.03156         7       640     0.825    0.8326    0.8518    0.4687   0.05901   0.01661  0.008841
   221/499     7.43G   0.02288  0.007163   0.00183   0.03187         6       640    0.8742    0.8373    0.8679     0.465   0.05858     0.017  0.009025
   222/499     7.43G   0.02264  0.006989  0.001778   0.03141         2       640    0.8505    0.8095    0.8382    0.4464   0.05832     0.017   0.00883
   223/499     7.43G   0.02252  0.006987  0.001729   0.03124         6       640    0.8599    0.8152     0.838     0.457   0.05845   0.01697  0.008963
   224/499     7.43G   0.02278  0.007028  0.001722   0.03153        10       640    0.8571    0.8065     0.841    0.4644   0.05907   0.01675  0.009235
   225/499     7.43G   0.02323   0.00694  0.001823     0.032         3       640    0.8639    0.7908    0.8357    0.4609   0.05951   0.01679  0.008916
   226/499     7.43G   0.02259   0.00699  0.001771   0.03135         9       640    0.9414    0.7684    0.8426     0.468   0.05858   0.01675  0.008966
   227/499     7.43G   0.02282  0.007242  0.001666   0.03173         7       640    0.8847    0.8288    0.8539    0.4656   0.05785   0.01667  0.009096
   228/499     7.43G   0.02217  0.007017  0.001489   0.03068        13       640    0.8727    0.8226    0.8535    0.4685   0.05743   0.01677  0.008816
   229/499     7.43G    0.0226  0.007003  0.001707   0.03131         2       640    0.8999    0.7711    0.8574    0.4615   0.05741   0.01689  0.008648
   230/499     7.43G   0.02183  0.006833  0.001746   0.03041         2       640    0.8469    0.8212    0.8545    0.4593   0.05691    0.0169  0.008631
   231/499     7.43G   0.02251  0.006956   0.00163   0.03109         7       640    0.8903    0.7547    0.8228    0.4569   0.05705   0.01691  0.008611
   232/499     7.43G   0.02206  0.007136  0.001411   0.03061         1       640    0.8446    0.8063    0.8508     0.446   0.05759   0.01679  0.008553
   233/499     7.43G    0.0223  0.006854  0.001734   0.03089         7       640    0.8458    0.8076    0.8292    0.4432   0.05824   0.01686  0.008944
   234/499     7.43G   0.02205  0.006899  0.001604   0.03056         3       640    0.8522     0.804    0.8267    0.4482   0.05819   0.01684  0.008797
   235/499     7.43G   0.02205   0.00701  0.001587   0.03065         2       640    0.8654    0.8108    0.8484    0.4643   0.05774   0.01698  0.008694
   236/499     7.43G    0.0222  0.007087  0.001791   0.03108         1       640    0.8611    0.8146    0.8419     0.459    0.0572   0.01694  0.008651
   237/499     7.43G   0.02205  0.006713  0.001532    0.0303         8       640    0.8313    0.8233    0.8509    0.4648   0.05731   0.01692  0.008641
   238/499     7.43G   0.02233  0.006828   0.00157   0.03073         1       640    0.8833    0.8264    0.8634    0.4688   0.05735   0.01682  0.008594
   239/499     7.43G   0.02168  0.006704  0.001392   0.02978         5       640    0.8522    0.8273    0.8614    0.4742     0.057   0.01681  0.008694
   240/499     7.43G   0.02141  0.006913    0.0015   0.02982         7       640    0.8365    0.8254    0.8632    0.4726   0.05672   0.01682  0.008743
   241/499     7.43G   0.02148  0.006908   0.00175   0.03014        11       640    0.8639    0.8073    0.8445    0.4679   0.05718   0.01689   0.00889
   242/499     7.43G   0.02136  0.006719  0.001437   0.02952         0       640    0.8423    0.8224    0.8552    0.4679   0.05738   0.01696  0.008899
   243/499     7.43G   0.02213  0.006978  0.001649   0.03076         3       640     0.857    0.7953    0.8457    0.4611   0.05718   0.01698  0.008949
   244/499     7.43G   0.02177   0.00691  0.001659   0.03034         1       640    0.9204    0.7406    0.8418    0.4597   0.05664   0.01709  0.008888
   245/499     7.43G   0.02167  0.006744  0.001661   0.03008         2       640    0.7648    0.8671    0.8623     0.459   0.05662   0.01714  0.008796
   246/499     7.43G   0.02144  0.006913   0.00147   0.02983         8       640    0.8361    0.8203     0.862    0.4705   0.05686   0.01713  0.008776
   247/499     7.43G   0.02167  0.007024  0.001631   0.03032         6       640    0.8941    0.7752    0.8553    0.4736   0.05715   0.01692   0.00872
   248/499     7.43G   0.02212  0.006945   0.00163    0.0307         7       640    0.9029    0.7839    0.8482    0.4654   0.05695   0.01706   0.00868
   249/499     7.43G   0.02162  0.006762  0.001574   0.02996         3       640    0.9233    0.7791    0.8634    0.4766   0.05641   0.01716  0.008612
   250/499     7.43G   0.02157  0.006763  0.001649   0.02998         3       640    0.9054    0.8101    0.8554    0.4688   0.05643   0.01736  0.008686
   251/499     7.43G   0.02136  0.006703   0.00182   0.02988         2       640     0.897    0.7959    0.8533    0.4722   0.05716   0.01725  0.008749
   252/499     7.43G   0.02208  0.006957  0.001545   0.03059         2       640    0.8551    0.8386    0.8729    0.4728   0.05863   0.01731  0.008856
   253/499     7.43G   0.02179   0.00663  0.001574   0.02999         2       640    0.8701    0.8507    0.8763    0.4755   0.05905   0.01718  0.008676
   254/499     7.43G   0.02136  0.006744  0.001577   0.02968         1       640    0.8827    0.8238    0.8674    0.4739   0.05935   0.01721  0.008645
   255/499     7.43G   0.02166  0.006858   0.00161   0.03013         2       640    0.8923    0.8061    0.8591    0.4599   0.05865   0.01724  0.008731
   256/499     7.43G   0.02102   0.00673  0.001522   0.02928         3       640     0.917    0.7777    0.8606    0.4635   0.05769    0.0173  0.008833
   257/499     7.43G   0.02133  0.006685   0.00157   0.02959         3       640    0.9306    0.7908    0.8762    0.4663   0.05727   0.01743  0.008925
   258/499     7.43G   0.02154  0.006775   0.00153   0.02984         8       640    0.9189    0.8027    0.8777    0.4673   0.05698   0.01734  0.009009
   259/499     7.43G   0.02116  0.006806   0.00151   0.02948         3       640    0.8984    0.7953    0.8669    0.4614    0.0569   0.01745  0.008968
   260/499     7.43G   0.02103  0.006564  0.001554   0.02915         4       640    0.8809    0.8326    0.8741    0.4721   0.05679   0.01746  0.008898
   261/499     7.43G   0.02099  0.006516  0.001502     0.029         3       640    0.8884     0.789    0.8595    0.4765   0.05652   0.01739  0.008883
   262/499     7.43G   0.02111  0.006431  0.001515   0.02906         2       640     0.911    0.8021    0.8717    0.4695   0.05586   0.01741  0.008728
   263/499     7.43G   0.02135  0.006797  0.001519   0.02967        10       640    0.8712    0.8162    0.8528    0.4721   0.05521   0.01756  0.008754
   264/499     7.43G   0.02136  0.006887   0.00152   0.02977         1       640    0.8815    0.8171    0.8661    0.4728   0.05453   0.01763  0.008653
   265/499     7.43G   0.02113   0.00671   0.00147   0.02931         5       640    0.8582    0.8299    0.8633    0.4708   0.05379   0.01776  0.008703
   266/499     7.43G   0.02098  0.006625  0.001666   0.02927         3       640    0.8705    0.8006    0.8546    0.4633   0.05344   0.01789  0.008642
   267/499     7.43G   0.02086  0.006817  0.001495   0.02917         7       640    0.8739    0.8146     0.861    0.4632    0.0529   0.01783   0.00857
   268/499     7.43G   0.02134  0.006795  0.001474   0.02961         3       640    0.8737    0.8203    0.8565    0.4653   0.05289    0.0178  0.008531
   269/499     7.43G    0.0213  0.006592   0.00155   0.02945         4       640    0.8806    0.7899    0.8411    0.4669   0.05306   0.01785  0.008689
   270/499     7.43G   0.02106   0.00665  0.001575   0.02929         6       640    0.8976    0.8005    0.8484    0.4734    0.0532   0.01786  0.008822
   271/499     7.43G   0.02113  0.006809  0.001535   0.02947        11       640    0.9186    0.7734    0.8467    0.4755   0.05312   0.01788   0.00878
   272/499     7.43G   0.02068  0.006527  0.001492    0.0287         2       640    0.9182    0.7716    0.8487    0.4761   0.05307   0.01789  0.008629
   273/499     7.43G   0.02128  0.006648  0.001517   0.02945         8       640    0.9463    0.7427    0.8598    0.4795   0.05362   0.01771  0.008474
   274/499     7.43G   0.02086  0.006675  0.001539   0.02908         5       640    0.8405    0.7994    0.8571    0.4772   0.05371   0.01768  0.008432
   275/499     7.43G   0.02113  0.006683  0.001418   0.02923         2       640    0.8904    0.7717    0.8585    0.4759   0.05386   0.01777  0.008452
   276/499     7.43G   0.02044  0.006622  0.001349   0.02842         2       640    0.8234    0.8282    0.8552    0.4805   0.05411   0.01774  0.008426
   277/499     7.43G   0.02088  0.006702  0.001383   0.02896         3       640    0.8572    0.8445    0.8674    0.4782   0.05421   0.01777  0.008372
   278/499     7.43G   0.02062   0.00653  0.001329   0.02847         9       640    0.8755    0.8235    0.8626    0.4787   0.05433   0.01785  0.008378
   279/499     7.43G   0.02119  0.006615  0.001533   0.02934         2       640    0.8662    0.8211    0.8649    0.4805   0.05472   0.01789  0.008381
   280/499     7.43G    0.0204  0.006574  0.001368   0.02834         5       640    0.8754    0.8131    0.8542    0.4836   0.05479   0.01784  0.008385
   281/499     7.43G   0.02005  0.006568  0.001411   0.02802         1       640    0.8741    0.8088    0.8541    0.4841   0.05513   0.01777  0.008479
   282/499     7.43G   0.02038  0.006589  0.001482   0.02845         5       640    0.8647    0.8296     0.856    0.4879   0.05557   0.01787  0.008524
   283/499     7.43G   0.02032   0.00647  0.001525   0.02831         6       640    0.9048    0.8098    0.8558    0.4849   0.05612   0.01786   0.00848
   284/499     7.43G   0.02076  0.006773  0.001492   0.02903         9       640    0.8976    0.8353    0.8701    0.4862    0.0564   0.01775  0.008537
   285/499     7.43G   0.02077  0.006434  0.001413   0.02861         2       640    0.8349    0.8791     0.867    0.4806   0.05657   0.01774  0.008449
   286/499     7.43G   0.02005  0.006598   0.00141   0.02806         6       640    0.8416    0.8646    0.8677    0.4813   0.05655   0.01786  0.008479
   287/499     7.43G   0.01992  0.006563   0.00128   0.02776         3       640    0.8812    0.8155    0.8611     0.484   0.05648     0.018  0.008467
   288/499     7.43G   0.02038  0.006549  0.001384   0.02831         1       640    0.8946    0.8096    0.8654    0.4835   0.05634   0.01802  0.008458
   289/499     7.43G   0.02011  0.006631   0.00137   0.02811         4       640    0.9042    0.8079    0.8694     0.483   0.05614   0.01809  0.008537
   290/499     7.43G   0.02037  0.006636  0.001566   0.02857         3       640    0.9212    0.7997    0.8643    0.4801   0.05589   0.01814  0.008669
   291/499     7.43G   0.01954  0.006342  0.001172   0.02706         2       640    0.9072    0.8063     0.856    0.4783   0.05601   0.01814  0.008762
   292/499     7.43G   0.02003  0.006531  0.001148   0.02771         5       640    0.9114    0.8063    0.8648    0.4821   0.05607   0.01802  0.008688
   293/499     7.43G   0.02011  0.006306  0.001334   0.02775         2       640    0.8698    0.8277    0.8647    0.4861   0.05609   0.01805  0.008678
   294/499     7.43G   0.01973  0.006349  0.001401   0.02748         6       640    0.9017    0.7902    0.8545    0.4761   0.05597   0.01805  0.008667
   295/499     7.43G   0.01974  0.006376  0.001197   0.02732         6       640    0.9057    0.7895    0.8517    0.4772   0.05601   0.01799  0.008666
   296/499     7.43G    0.0205  0.006487   0.00142    0.0284         4       640    0.9014    0.7946    0.8611    0.4738     0.056   0.01801  0.008654
   297/499     7.43G   0.02038   0.00666  0.001557    0.0286         4       640    0.8281    0.8562    0.8686    0.4737   0.05566   0.01811  0.008617
   298/499     7.43G   0.01956  0.006459  0.001292   0.02731         1       640    0.8538    0.7865    0.8534    0.4713   0.05534    0.0182  0.008545
   299/499     7.43G   0.01916  0.006327  0.001384   0.02687         2       640    0.9524    0.7367    0.8489    0.4783   0.05492   0.01823  0.008459
   300/499     7.43G   0.02039  0.006408  0.001422   0.02822         2       640    0.9397    0.7474    0.8551    0.4775    0.0547   0.01829  0.008422
   301/499     7.43G   0.02065    0.0065  0.001545    0.0287         4       640    0.9463     0.742    0.8551    0.4786    0.0546   0.01825  0.008423
   302/499     7.43G   0.02031  0.006611  0.001352   0.02827        10       640    0.8557    0.8063    0.8561    0.4772   0.05453   0.01839   0.00854
   303/499     7.43G   0.01999  0.006458  0.001338   0.02778         7       640    0.8564    0.8197    0.8665    0.4791   0.05422   0.01848  0.008584
   304/499     7.43G   0.01885  0.006172  0.001261   0.02628         0       640    0.9119    0.7736    0.8576    0.4816   0.05348    0.0185  0.008578
   305/499     7.43G   0.01956  0.006287  0.001309   0.02716         4       640    0.9327    0.7672    0.8571    0.4818   0.05286   0.01863  0.008524
   306/499     7.43G   0.02044  0.006429  0.001401   0.02827         4       640    0.8549    0.8223    0.8558    0.4793   0.05256   0.01861  0.008552
   307/499     7.43G   0.01924  0.006282  0.001265   0.02679         3       640    0.8725      0.83     0.857    0.4767   0.05247   0.01861  0.008509
   308/499     7.43G   0.01965   0.00667   0.00128    0.0276         7       640      0.89    0.8091    0.8525    0.4757   0.05238   0.01857  0.008498
   309/499     7.43G   0.02014   0.00648  0.001277   0.02789         9       640    0.9006    0.7845    0.8486    0.4782   0.05237   0.01864  0.008539
   310/499     7.43G   0.02023  0.006412  0.001416   0.02806         5       640     0.845    0.8255    0.8535    0.4758   0.05243   0.01869  0.008606
   311/499     7.43G   0.01972  0.006397  0.001552   0.02767         1       640    0.8923    0.7843    0.8546    0.4781   0.05236   0.01871  0.008661
   312/499     7.43G   0.01934  0.006283  0.001182    0.0268         2       640    0.9299    0.7664    0.8491    0.4756   0.05221   0.01872  0.008678
   313/499     7.43G   0.01946  0.006325  0.001179   0.02696         4       640     0.943    0.7652    0.8494    0.4753    0.0519   0.01877  0.008703
   314/499     7.43G   0.01924   0.00614  0.001283   0.02666         2       640    0.8817    0.8115    0.8607     0.479   0.05167   0.01876  0.008579
   315/499     7.43G   0.01921  0.006102  0.001172   0.02648         2       640    0.8902    0.8158     0.864    0.4849   0.05172   0.01876   0.00847
   316/499     7.43G   0.01927  0.006256  0.001319   0.02685         1       640    0.9019    0.8013    0.8705     0.491   0.05189   0.01875  0.008336
   317/499     7.43G   0.01897  0.006262  0.001175   0.02641         3       640    0.9193    0.7761     0.861    0.4912   0.05203   0.01868   0.00831
   318/499     7.43G   0.01942  0.006397  0.001198   0.02701         1       640    0.8944    0.7948    0.8643     0.497   0.05206   0.01866  0.008337
   319/499     7.43G   0.01946  0.006229  0.001288   0.02698         1       640    0.8924    0.8087     0.868    0.4939   0.05213   0.01868  0.008379
   320/499     7.43G   0.01924  0.006285  0.001198   0.02673         3       640    0.8915    0.8088    0.8652    0.4904   0.05214   0.01865  0.008463
   321/499     7.43G   0.01956  0.006367  0.001485   0.02741        15       640    0.8945    0.8086     0.861     0.488   0.05207   0.01868   0.00845
   322/499     7.43G   0.01937   0.00635  0.001177   0.02689         7       640    0.9017    0.8057    0.8575      0.49   0.05207   0.01866  0.008434
   323/499     7.43G   0.01928  0.006217  0.001155   0.02665         6       640    0.9298    0.7899    0.8598    0.4876   0.05213   0.01856  0.008402
   324/499     7.43G   0.01875  0.006145  0.001095   0.02599         4       640    0.9307    0.7992    0.8657    0.4913   0.05222   0.01858  0.008416
   325/499     7.43G   0.01944  0.006347  0.001306    0.0271         2       640    0.9251    0.8073    0.8675    0.4828   0.05228   0.01863  0.008517
   326/499     7.43G   0.01938  0.006339  0.001373   0.02709         7       640    0.9127    0.8056    0.8661    0.4852   0.05208   0.01877  0.008607
   327/499     7.43G   0.01915  0.006105  0.001216   0.02647         0       640    0.9239    0.7943    0.8665    0.4794   0.05183   0.01881  0.008725
   328/499     7.43G   0.01885  0.006328  0.001357   0.02654         4       640    0.9226     0.786    0.8673    0.4732   0.05155   0.01884  0.008778
   329/499     7.43G   0.01866  0.006165  0.001134   0.02596         3       640    0.9285    0.7812    0.8661    0.4763   0.05174   0.01879  0.008792
   330/499     7.43G   0.01906  0.006315  0.001222    0.0266         4       640    0.9271    0.7892    0.8641    0.4766   0.05191    0.0188  0.008786
   331/499     7.43G   0.01968  0.006256  0.001289   0.02723         7       640    0.9343    0.7799    0.8638    0.4738   0.05205   0.01878  0.008775
   332/499     7.43G   0.01919  0.006264  0.001379   0.02683         7       640    0.9371    0.7808    0.8646    0.4749    0.0522   0.01878  0.008697
   333/499     7.43G   0.01842   0.00627  0.001156   0.02584         8       640    0.9192    0.7908    0.8636    0.4755   0.05248   0.01882  0.008692
   334/499     7.43G   0.01885   0.00611  0.001093   0.02605         7       640    0.9194     0.787     0.861    0.4756   0.05273   0.01893  0.008737
   335/499     7.43G    0.0191  0.005971   0.00111   0.02618         2       640     0.897    0.7874    0.8521    0.4757   0.05295   0.01892  0.008773
   336/499     7.43G   0.01902  0.006241  0.001308   0.02656         3       640    0.9295    0.7719    0.8556    0.4767   0.05311   0.01891  0.008797
   337/499     7.43G     0.019    0.0061  0.001161   0.02626         4       640    0.8867     0.803    0.8601    0.4792   0.05322    0.0189  0.008806
   338/499     7.43G   0.01819  0.006169  0.001151   0.02551         2       640    0.9053    0.7731    0.8554    0.4792    0.0532   0.01885  0.008787
   339/499     7.43G   0.01838  0.006162  0.001308   0.02585         2       640     0.915    0.7668    0.8584    0.4795    0.0532   0.01889  0.008787
   340/499     7.43G   0.01867  0.006049  0.001243   0.02596         5       640    0.8728    0.8033    0.8601    0.4804   0.05324    0.0189  0.008804
   341/499     7.43G   0.01878  0.006019  0.001194     0.026         4       640    0.9284    0.7594    0.8583    0.4788   0.05326   0.01885  0.008825
   342/499     7.43G   0.01904  0.006274  0.001171   0.02648         6       640    0.8946    0.7782    0.8567    0.4782   0.05315   0.01882  0.008848
   343/499     7.43G   0.01835  0.006121  0.001198   0.02567         2       640     0.874     0.785    0.8491    0.4789   0.05294   0.01879  0.008826
   344/499     7.43G   0.01844  0.006071  0.001167   0.02568         4       640    0.8842     0.785    0.8454    0.4774   0.05281   0.01881   0.00881
   345/499     7.43G   0.01817  0.005984  0.001178   0.02533         1       640    0.8756    0.7849    0.8468    0.4779    0.0527   0.01886   0.00881
   346/499     7.43G   0.01825  0.005938  0.001162   0.02535         3       640    0.8718    0.7841    0.8495    0.4766   0.05263   0.01886  0.008798
   347/499     7.43G   0.01846  0.006133  0.001166   0.02575         3       640    0.8934    0.7705    0.8481    0.4794   0.05259    0.0189  0.008796
   348/499     7.43G   0.01858  0.006005   0.00118   0.02577         3       640    0.8618    0.7931    0.8479    0.4783   0.05251   0.01898  0.008758
   349/499     7.43G    0.0183  0.006007  0.001233   0.02554         5       640    0.8479    0.8157    0.8528    0.4802   0.05248   0.01897  0.008768
   350/499     7.43G   0.01864  0.006107  0.001273   0.02602         2       640    0.8705    0.8071    0.8546    0.4819   0.05247   0.01899  0.008771
   351/499     7.43G   0.01836  0.006013  0.001101   0.02547         7       640    0.8698    0.8085     0.859    0.4813   0.05245   0.01896    0.0088
   352/499     7.43G   0.01853  0.006104  0.001122   0.02575         9       640    0.8483    0.8398    0.8595    0.4824    0.0524   0.01893  0.008796
   353/499     7.43G   0.01839  0.005922  0.001233   0.02555         2       640    0.8581    0.8405    0.8581     0.482   0.05234   0.01891  0.008794
   354/499     7.43G   0.01846  0.005978  0.001091   0.02553         2       640    0.8498    0.8377     0.859    0.4777   0.05221   0.01891  0.008801
   355/499     7.43G   0.01839  0.006277  0.001206   0.02588         2       640    0.8492    0.8286    0.8615    0.4747   0.05216   0.01889  0.008857
   356/499     7.43G   0.01796  0.006015  0.001101   0.02507         2       640    0.8518    0.8424    0.8648    0.4776   0.05204   0.01896  0.008872
   357/499     7.43G   0.01813  0.006018  0.001222   0.02537         4       640      0.86    0.8321    0.8656    0.4826   0.05188   0.01902  0.008881
   358/499     7.43G   0.01746  0.005912  0.001082   0.02445         5       640      0.84    0.8437    0.8658    0.4838   0.05179     0.019  0.008874
   359/499     7.43G   0.01828  0.006187  0.001348   0.02582         8       640    0.8382    0.8405     0.864    0.4797    0.0518   0.01902  0.008871
   360/499     7.43G    0.0184  0.006175  0.001252   0.02583         1       640    0.8731    0.8316     0.866    0.4789   0.05183   0.01903  0.008842
   361/499     7.43G   0.01826  0.006043  0.001178   0.02548         8       640    0.8546    0.8403    0.8643     0.479   0.05196   0.01899  0.008812
   362/499     7.43G    0.0176  0.006071  0.001099   0.02477         5       640    0.8715    0.8084    0.8646     0.477   0.05202   0.01902  0.008747
   363/499     7.43G   0.01764  0.005793  0.001102   0.02453         0       640    0.8608    0.8099    0.8639    0.4752   0.05204   0.01905  0.008718
   364/499     7.43G   0.01826  0.006006  0.001051   0.02531         1       640    0.9035    0.7753    0.8616    0.4725   0.05206   0.01905  0.008711
   365/499     7.43G   0.01758  0.006019  0.001053   0.02465        15       640     0.864    0.8265    0.8628    0.4787   0.05208   0.01905  0.008702
   366/499     7.43G   0.01779  0.005863  0.001043   0.02469         2       640    0.8669    0.8264    0.8625     0.479   0.05202   0.01907  0.008672
   367/499     7.43G   0.01762  0.005917 0.0009563   0.02449         3       640    0.8698    0.8264    0.8631    0.4794   0.05194   0.01914  0.008613
   368/499     7.43G   0.01789  0.006027  0.001288    0.0252         2       640    0.8577    0.8211    0.8631    0.4751    0.0519   0.01917  0.008577
   369/499     7.43G   0.01783  0.005925   0.00121   0.02496         3       640    0.9079    0.8007    0.8654    0.4822   0.05181   0.01921  0.008541
   370/499     7.43G   0.01806  0.005971  0.001196   0.02523         3       640    0.8958    0.8182    0.8657    0.4798   0.05173   0.01931  0.008526
   371/499     7.43G   0.01799  0.006035  0.001083   0.02511         6       640    0.8981    0.8111    0.8662    0.4789   0.05173   0.01927  0.008526
   372/499     7.43G   0.01779  0.005971  0.001158   0.02492        10       640    0.8768    0.8265    0.8651    0.4759    0.0518    0.0193  0.008546
   373/499     7.43G   0.01765  0.005837 0.0009975   0.02449         4       640    0.8829    0.8265     0.864    0.4746   0.05182   0.01933  0.008568
   374/499     7.43G    0.0174  0.006047  0.001173   0.02462         6       640    0.8824    0.8236    0.8629    0.4765   0.05183   0.01935  0.008589
   375/499     7.43G    0.0177  0.005863  0.001182   0.02475         3       640    0.9025    0.8086    0.8634    0.4814   0.05183   0.01939  0.008611
   376/499     7.43G    0.0171  0.005804  0.001036   0.02394         6       640    0.9001    0.8162    0.8638    0.4796   0.05183   0.01947   0.00864
   377/499     7.43G   0.01758    0.0059  0.001108   0.02459         0       640    0.9091    0.8157    0.8645    0.4819   0.05184   0.01951  0.008649
   378/499     7.43G   0.01795  0.006015   0.00108   0.02505        13       640    0.9073    0.8157    0.8601    0.4785   0.05188   0.01956  0.008656
   379/499     7.43G   0.01722  0.005661    0.0011   0.02398         6       640    0.9043    0.8157    0.8582    0.4778   0.05193   0.01958  0.008658
   380/499     7.43G   0.01746  0.005868  0.001073    0.0244         8       640    0.9193    0.8249    0.8637    0.4795   0.05199    0.0196  0.008642
   381/499     7.43G   0.01765   0.00575  0.001132   0.02453         9       640    0.9177    0.8249    0.8636    0.4802     0.052   0.01962  0.008652
   382/499     7.43G   0.01729  0.005908  0.001066   0.02426         3       640    0.9174    0.8249    0.8626    0.4817     0.052   0.01971  0.008672
   383/499     7.43G    0.0177  0.005845  0.001092   0.02464         3       640    0.9166    0.8249    0.8644    0.4824   0.05193   0.01973  0.008684
   384/499     7.43G   0.01718  0.005775  0.001041     0.024         0       640    0.9189     0.822    0.8671    0.4857   0.05189   0.01975  0.008691
   385/499     7.43G   0.01677  0.005741  0.001043   0.02355         3       640    0.9174    0.8206     0.868    0.4858   0.05184   0.01979  0.008667
   386/499     7.43G   0.01769  0.005647   0.00104   0.02437         1       640    0.9109    0.8206     0.867    0.4849   0.05182    0.0198  0.008656
   387/499     7.43G   0.01751  0.005908  0.001259   0.02467         6       640    0.9087    0.8158    0.8675    0.4863   0.05186    0.0198  0.008643
   388/499     7.43G   0.01719   0.00586  0.001082   0.02413         7       640    0.8877    0.8192    0.8589    0.4845   0.05194    0.0198  0.008633
   389/499     7.43G   0.01752  0.005848  0.001113   0.02448         8       640    0.8832    0.8192     0.859    0.4864   0.05198   0.01981  0.008633
   390/499     7.43G   0.01722   0.00569  0.001065   0.02397         2       640     0.888    0.8191    0.8591    0.4864   0.05201   0.01986  0.008624
   391/499     7.43G   0.01707  0.005737  0.001085   0.02389         4       640    0.8954    0.8341    0.8657    0.4871   0.05206    0.0199  0.008617
   392/499     7.43G   0.01726   0.00572  0.001063   0.02404         5       640    0.8998    0.8377    0.8662    0.4836   0.05211   0.01991  0.008622
   393/499     7.43G   0.01712  0.005747  0.001165   0.02403         2       640    0.8971    0.8343    0.8686    0.4857   0.05214   0.01992  0.008632
   394/499     7.43G   0.01708   0.00582 0.0009975    0.0239         1       640     0.886    0.8404    0.8663    0.4861   0.05216   0.01997  0.008633
   395/499     7.43G   0.01719  0.005786  0.001045   0.02402         6       640    0.8877    0.8393    0.8653    0.4861   0.05219      0.02  0.008643
   396/499     7.43G   0.01711   0.00562 0.0009634    0.0237         2       640    0.8889      0.84    0.8658    0.4884    0.0522   0.02002  0.008651
   397/499     7.43G   0.01714  0.005592  0.001066    0.0238         6       640     0.889    0.8419    0.8648    0.4873   0.05215   0.02007   0.00865
   398/499     7.43G   0.01658  0.005564 0.0009441   0.02308         8       640    0.8887     0.845    0.8678     0.488   0.05208   0.02009  0.008648
   399/499     7.43G    0.0174  0.005951 0.0009729   0.02432         5       640     0.893    0.8449    0.8684    0.4863   0.05201   0.02006  0.008651
   400/499     7.43G   0.01705  0.005885  0.001046   0.02398         4       640    0.8936    0.8449     0.869    0.4882   0.05197   0.02009  0.008657
   401/499     7.43G   0.01682  0.005941 0.0009209   0.02368         5       640    0.8917    0.8451    0.8706    0.4882   0.05196    0.0201  0.008654
   402/499     7.43G   0.01694  0.005708  0.001053    0.0237         0       640    0.8893    0.8449    0.8659    0.4877   0.05195   0.02012  0.008661
   403/499     7.43G   0.01665  0.005568  0.001015   0.02323         2       640    0.8897    0.8448    0.8659    0.4889   0.05194    0.0201  0.008668
   404/499     7.43G   0.01701  0.005754  0.001113   0.02387         3       640    0.8851    0.8451    0.8659    0.4845   0.05191   0.02013  0.008675
   405/499     7.43G   0.01686  0.005819   0.00105   0.02373         3       640    0.8833    0.8451    0.8658    0.4863   0.05188   0.02014  0.008681
   406/499     7.43G   0.01636  0.005569 0.0009993   0.02293         3       640    0.8791    0.8449    0.8661    0.4879   0.05186   0.02017  0.008679
   407/499     7.43G   0.01687  0.005757  0.000919   0.02355         3       640    0.8875     0.841    0.8657    0.4891   0.05191   0.02016  0.008692
   408/499     7.43G   0.01701  0.005716 0.0009575   0.02369         3       640    0.8892    0.8403    0.8651    0.4893   0.05191   0.02021  0.008682
   409/499     7.43G   0.01647  0.005476 0.0008729   0.02282         7       640    0.8844    0.8423    0.8647    0.4851   0.05193   0.02021  0.008671
   410/499     7.43G   0.01643  0.005707 0.0009957   0.02314         3       640    0.8812    0.8442    0.8655    0.4846   0.05198   0.02022  0.008669
   411/499     7.43G   0.01669   0.00566 0.0009899   0.02334         4       640    0.8719    0.8338    0.8585    0.4867   0.05202   0.02021  0.008669
   412/499     7.43G   0.01676  0.005522 0.0009889   0.02327         4       640    0.9194    0.7968    0.8561    0.4858   0.05202   0.02023  0.008679
   413/499     7.43G   0.01657  0.005594 0.0009362    0.0231         1       640    0.9202    0.7967    0.8564    0.4835   0.05202   0.02022  0.008681
   414/499     7.43G   0.01684  0.005768 0.0009089   0.02351        14       640    0.9187    0.7967    0.8556     0.482   0.05202   0.02026  0.008677
   415/499     7.43G   0.01675  0.005542  0.001005   0.02329         2       640    0.8996    0.8117    0.8549    0.4809   0.05202   0.02024   0.00867
   416/499     7.43G   0.01648  0.005812  0.001011    0.0233         4       640    0.9291    0.8113    0.8554    0.4816   0.05201   0.02026  0.008658
   417/499     7.43G   0.01693  0.005668   0.00116   0.02376         1       640    0.9104     0.812    0.8553    0.4831     0.052   0.02027  0.008657
   418/499     7.43G    0.0165  0.005538 0.0009242   0.02296         3       640    0.8982    0.8119    0.8553    0.4808   0.05197   0.02028  0.008662
   419/499     7.43G   0.01656  0.005727 0.0008933   0.02318         1       640    0.9024    0.8274    0.8614    0.4825   0.05195   0.02027   0.00867
   420/499     7.43G   0.01636  0.005666 0.0009416   0.02297         4       640    0.9126    0.8274    0.8597    0.4824   0.05196   0.02029  0.008685
   421/499     7.43G     0.017  0.005764   0.00105   0.02381         5       640     0.913     0.826    0.8599    0.4821     0.052   0.02031  0.008697
   422/499     7.43G    0.0169  0.005705 0.0009787   0.02358         7       640    0.9021    0.8274    0.8598     0.482   0.05204   0.02033  0.008709
   423/499     7.43G   0.01644   0.00548  0.001005   0.02292         4       640    0.9086    0.8239    0.8601    0.4825   0.05205   0.02029  0.008719
   424/499     7.43G   0.01689  0.005727  0.001016   0.02364         0       640    0.9136    0.8227    0.8611    0.4822   0.05207    0.0203  0.008739
   425/499     7.43G   0.01639  0.005499  0.001007    0.0229         2       640    0.9143     0.823    0.8607    0.4818   0.05212   0.02034  0.008759
   426/499     7.43G   0.01646  0.005688 0.0009869   0.02313         4       640    0.9148    0.8223    0.8607    0.4835   0.05216    0.0203  0.008769
   427/499     7.43G   0.01635  0.005712   0.00108   0.02314         2       640    0.9101    0.8269     0.861    0.4817   0.05217   0.02032   0.00877
   428/499     7.43G   0.01646  0.005606  0.001008   0.02307         5       640    0.9118    0.8271    0.8613    0.4837   0.05218   0.02029  0.008775
   429/499     7.43G   0.01617  0.005599  0.001119   0.02289         4       640    0.9036    0.8273    0.8615     0.484   0.05219   0.02031  0.008785
   430/499     7.43G   0.01669  0.005628  0.001011   0.02333         3       640    0.9333    0.8123    0.8623    0.4862   0.05219   0.02027  0.008805
   431/499     7.43G   0.01668  0.005651  0.001026   0.02335         3       640    0.9334     0.812    0.8622    0.4841    0.0522   0.02029  0.008829
   432/499     7.43G   0.01612  0.005706 0.0009663   0.02279         2       640    0.9073    0.8269    0.8617    0.4823   0.05219   0.02026  0.008838
   433/499     7.43G   0.01678  0.005756  0.001217   0.02376         7       640    0.9151    0.8249    0.8612    0.4814   0.05218   0.02028  0.008845
   434/499     7.43G   0.01663  0.005595  0.001285   0.02351         2       640    0.9325    0.8107    0.8619    0.4816   0.05219   0.02029  0.008849
   435/499     7.43G   0.01679  0.005637  0.000994   0.02342        15       640    0.9332    0.8099    0.8617     0.481    0.0522   0.02026  0.008855
   436/499     7.43G   0.01673  0.005559   0.00105   0.02333         3       640    0.9333    0.8106    0.8621    0.4809   0.05218   0.02025  0.008853
   437/499     7.43G   0.01608  0.005409 0.0009288   0.02242         2       640    0.9072    0.8258    0.8616    0.4813   0.05218   0.02024  0.008849
   438/499     7.43G    0.0162  0.005551 0.0009824   0.02273         4       640    0.9079    0.8267    0.8616     0.483    0.0522   0.02028  0.008843
   439/499     7.43G   0.01635  0.005515 0.0009702   0.02283         4       640    0.9074     0.827    0.8655    0.4811   0.05219   0.02024  0.008845
   440/499     7.43G   0.01614  0.005625 0.0009223   0.02269         2       640    0.9094    0.8268    0.8665    0.4827   0.05218   0.02026  0.008847
   441/499     7.43G   0.01645  0.005485 0.0008737   0.02281         2       640    0.9114    0.8278    0.8662    0.4821   0.05214   0.02025  0.008843
   442/499     7.43G   0.01644  0.005383 0.0008593   0.02268         2       640     0.913    0.8275    0.8653    0.4807   0.05209   0.02027  0.008836
   443/499     7.43G   0.01606  0.005477  0.001069    0.0226         2       640     0.912    0.8289    0.8702    0.4804   0.05208   0.02024  0.008834
   444/499     7.43G   0.01559  0.005398  0.001063   0.02206         9       640    0.9114    0.8358    0.8699    0.4815   0.05205   0.02028  0.008835
   445/499     7.43G   0.01567  0.005431 0.0008741   0.02198         7       640    0.9082    0.8357    0.8695    0.4808   0.05204    0.0203   0.00884
   446/499     7.43G    0.0161  0.005517 0.0008296   0.02245         5       640    0.9223    0.8273    0.8701    0.4816   0.05202   0.02031  0.008839
   447/499     7.43G   0.01589  0.005246 0.0009633    0.0221         9       640    0.9231    0.8263    0.8699    0.4821     0.052   0.02029  0.008835
   448/499     7.43G   0.01565  0.005379 0.0008954   0.02192         6       640    0.9245    0.8252    0.8699    0.4816   0.05198    0.0203   0.00883
   449/499     7.43G    0.0164   0.00556  0.001049   0.02301         4       640    0.9235    0.8254    0.8697    0.4813   0.05195   0.02031  0.008828
   450/499     7.43G   0.01629  0.005551  0.001093   0.02293         2       640    0.9258     0.825    0.8693    0.4816   0.05193   0.02032  0.008825
   451/499     7.43G   0.01594  0.005427 0.0009433   0.02231         7       640    0.9257     0.825    0.8693    0.4824   0.05191   0.02029  0.008815
   452/499     7.43G   0.01567  0.005567 0.0009735   0.02221         1       640    0.9264    0.8237     0.869    0.4819   0.05188   0.02027  0.008812
   453/499     7.43G   0.01621  0.005552  0.001058   0.02282         6       640    0.9267    0.8227    0.8698     0.482   0.05187    0.0203   0.00881
   454/499     7.43G   0.01596  0.005491 0.0008742   0.02232         4       640    0.9228    0.8196      0.87     0.484   0.05187   0.02026  0.008811
   455/499     7.43G   0.01613  0.005435 0.0009614   0.02252         1       640    0.9272    0.8237    0.8705    0.4823   0.05187   0.02028  0.008811
   456/499     7.43G   0.01589  0.005359 0.0009159   0.02216         6       640    0.9279     0.824    0.8698    0.4826   0.05186   0.02028  0.008813
   457/499     7.43G   0.01614  0.005423 0.0009639   0.02253         5       640    0.9272    0.8218    0.8699    0.4828   0.05186   0.02025  0.008815
   458/499     7.43G   0.01618  0.005441 0.0008884   0.02251        11       640    0.9206    0.8238    0.8705    0.4827   0.05185   0.02025  0.008813
   459/499     7.43G   0.01632  0.005429  0.001153    0.0229         3       640    0.9202    0.8237    0.8701    0.4824   0.05185   0.02024  0.008815
   460/499     7.43G   0.01629  0.005712  0.001101    0.0231         3       640    0.9223    0.8235    0.8706    0.4831   0.05184   0.02027  0.008815
   461/499     7.43G   0.01559  0.005231 0.0009547   0.02178         6       640    0.9227    0.8232    0.8703    0.4834   0.05183   0.02026  0.008811
   462/499     7.43G   0.01641  0.005619  0.001001   0.02303         7       640    0.9235    0.8232    0.8697    0.4835   0.05184   0.02028  0.008808
   463/499     7.43G    0.0158  0.005309 0.0008694   0.02198         5       640    0.9265    0.8236    0.8645    0.4834   0.05185   0.02025  0.008808
   464/499     7.43G   0.01595  0.005471 0.0009837    0.0224         1       640    0.9129    0.8238    0.8643     0.481   0.05185    0.0203  0.008798
   465/499     7.43G   0.01612  0.005763 0.0009055   0.02279         5       640    0.9114    0.8244    0.8641    0.4804   0.05185   0.02026  0.008796
   466/499     7.43G   0.01604  0.005277 0.0008498   0.02217         1       640    0.9109    0.8247    0.8641    0.4804   0.05184   0.02027  0.008796
   467/499     7.43G   0.01603  0.005402  0.000924   0.02236         0       640    0.9052    0.8248    0.8638     0.482   0.05183    0.0203  0.008797
   468/499     7.43G   0.01572  0.005365 0.0008687   0.02195         2       640    0.8873    0.8394    0.8643    0.4815   0.05181   0.02029  0.008798
   469/499     7.43G   0.01571  0.005347 0.0008989   0.02195        10       640    0.8905    0.8394    0.8637    0.4814   0.05179   0.02028  0.008798
   470/499     7.43G   0.01563  0.005454 0.0008716   0.02195         3       640    0.8905    0.8394    0.8635    0.4817   0.05178   0.02031  0.008794
   471/499     7.43G   0.01541  0.005242 0.0008848   0.02154         4       640    0.8885    0.8391    0.8634    0.4833   0.05176   0.02032   0.00879
   472/499     7.43G   0.01606  0.005552 0.0008139   0.02243         8       640    0.8882    0.8393    0.8633    0.4829   0.05174   0.02029   0.00879
   473/499     7.43G   0.01601  0.005386 0.0008655   0.02226         4       640    0.8883    0.8391    0.8642    0.4834    0.0517   0.02034  0.008784
   474/499     7.43G   0.01551  0.005329 0.0008325   0.02167         6       640    0.8924    0.8394    0.8635    0.4838   0.05166   0.02032  0.008782
   475/499     7.43G   0.01597  0.005429 0.0009683   0.02237        14       640    0.8857    0.8451    0.8631    0.4824   0.05164   0.02036  0.008783
   476/499     7.43G   0.01578  0.005507 0.0009146    0.0222         1       640     0.899     0.845    0.8637    0.4838   0.05163   0.02035  0.008784
   477/499     7.43G   0.01627  0.005549 0.0009285   0.02274         3       640    0.8987    0.8451    0.8628    0.4846   0.05163   0.02034  0.008786
   478/499     7.43G    0.0156  0.005427 0.0008399   0.02187        10       640    0.8971    0.8445    0.8631    0.4837   0.05163   0.02036  0.008789
   479/499     7.43G   0.01553  0.005389 0.0009437   0.02186         7       640    0.8915    0.8451    0.8602    0.4839   0.05163   0.02034  0.008789
   480/499     7.43G   0.01646  0.005422 0.0009092   0.02279         0       640    0.8912    0.8451    0.8565    0.4827   0.05163   0.02038  0.008787
   481/499     7.43G    0.0158  0.005536  0.000834   0.02217         2       640    0.8925    0.8451    0.8607    0.4819   0.05162   0.02038  0.008786
   482/499     7.43G   0.01569  0.005376 0.0009789   0.02204         0       640    0.8911    0.8448    0.8551     0.483   0.05163   0.02035  0.008785
   483/499     7.43G   0.01539  0.005179 0.0009314    0.0215         2       640    0.8897     0.845    0.8551    0.4827   0.05163   0.02035  0.008787
   484/499     7.43G   0.01588  0.005474 0.0008567   0.02221         9       640    0.8893    0.8392    0.8549    0.4839   0.05164   0.02035  0.008791
   485/499     7.43G   0.01579  0.005436  0.001009   0.02223         6       640    0.8926    0.8363    0.8548    0.4846   0.05164   0.02035   0.00879
   486/499     7.43G   0.01555  0.005214 0.0009336    0.0217         6       640    0.8923    0.8361     0.858    0.4847   0.05164   0.02037  0.008789
   487/499     7.43G   0.01577  0.005344  0.001074   0.02219         4       640     0.898    0.8356    0.8579    0.4838   0.05163   0.02035  0.008789
   488/499     7.43G    0.0154  0.005458 0.0008313   0.02169         7       640    0.8986    0.8355    0.8578    0.4868   0.05162   0.02038  0.008788
   489/499     7.43G   0.01575  0.005314  0.001022   0.02209         1       640    0.8988    0.8354    0.8579    0.4846   0.05162   0.02037  0.008786
   490/499     7.43G    0.0159  0.005335   0.00104   0.02227         1       640    0.8988    0.8362    0.8579    0.4845   0.05161   0.02037  0.008787
   491/499     7.43G   0.01523  0.005361 0.0008122   0.02141         5       640    0.8977    0.8369    0.8579    0.4848   0.05159   0.02037  0.008786
   492/499     7.43G   0.01566  0.005218 0.0009529   0.02183         0       640    0.8933    0.8376     0.858    0.4846   0.05159   0.02038  0.008787
   493/499     7.43G   0.01582  0.005434  0.000964   0.02222         1       640     0.893    0.8365    0.8581    0.4845   0.05159   0.02038  0.008788
   494/499     7.43G   0.01558  0.005392 0.0009444   0.02192         3       640     0.893    0.8352    0.8581    0.4849   0.05158   0.02038  0.008791
   495/499     7.43G   0.01543  0.005249 0.0008595   0.02154         6       640     0.899    0.8301    0.8578    0.4833   0.05158    0.0204  0.008792
   496/499     7.43G   0.01558  0.005539 0.0008413   0.02196         5       640    0.8983    0.8301    0.8578    0.4831   0.05158   0.02038  0.008788
   497/499     7.43G   0.01559  0.005242 0.0009488   0.02178         6       640    0.8977    0.8301    0.8576    0.4833   0.05158   0.02041  0.008785
   498/499     7.43G   0.01556  0.005254 0.0007928   0.02161         3       640    0.8975    0.8301    0.8585    0.4837   0.05158   0.02041  0.008782
   499/499     7.43G   0.01548  0.005511  0.001003     0.022         8       640    0.8983    0.8299    0.8555    0.4836   0.05158   0.02039   0.00878
