     0/299     3.64G   0.06157     0.018   0.02476    0.1043        20       640  0.002072   0.08306  0.001061 0.0001727   0.09339    0.0189   0.02573
     1/299     6.61G   0.05802   0.01562   0.02244   0.09608        13       640  0.003454    0.2845  0.001803  0.000457   0.08439   0.01936   0.02337
     2/299     9.15G   0.05822   0.01584   0.02101   0.09507        37       640    0.7511    0.1807  0.001624 0.0003402    0.0922   0.01813    0.0224
     3/299     9.15G   0.05709   0.01578   0.01995   0.09282        10       640    0.7515   0.01238  0.001359 0.0002357    0.0945   0.01746   0.02144
     4/299     9.15G   0.05686   0.01553   0.01898   0.09137        32       640    0.7624   0.03713  0.004478 0.0008298   0.09252   0.01832   0.02949
     5/299     9.15G   0.05759   0.01449   0.01796   0.09003        13       640    0.7908   0.08006   0.03502  0.008938   0.08206   0.01935   0.01998
     6/299     9.15G   0.05811   0.01274   0.01672   0.08757        16       640    0.8481   0.07921   0.07278   0.01852   0.08253   0.01688   0.01868
     7/299     9.15G   0.05808   0.01169    0.0163   0.08607        32       640    0.8556   0.07921   0.07802   0.01993   0.08892    0.0153     0.019
     8/299     9.15G   0.05709    0.0116   0.01529   0.08399        20       640    0.7971   0.03449   0.01687  0.004761   0.09346   0.01628   0.03462
     9/299     9.15G   0.05374   0.01112   0.01393   0.07879        24       640    0.8765     0.104    0.1004   0.05041   0.09123   0.01651   0.01809
    10/299     9.15G   0.05402   0.01144   0.01361   0.07907        20       640    0.9245    0.1431    0.1765   0.07666   0.08363   0.01553   0.01828
    11/299     9.15G   0.05245   0.01122   0.01288   0.07655        21       640    0.9227    0.1337    0.1879   0.08094   0.08427   0.01555   0.01721
    12/299     9.15G   0.05197   0.01099   0.01263   0.07559        37       640    0.7745    0.2603    0.2538    0.1023   0.08083   0.01703   0.01655
    13/299     9.15G    0.0505   0.01097   0.01212   0.07359        30       640    0.7445    0.2663    0.2784    0.1208   0.08308   0.01643   0.01676
    14/299     9.15G   0.04949   0.01109   0.01144   0.07202        21       640    0.9195    0.1356    0.1494   0.05335    0.1028   0.01361   0.01923
    15/299     9.15G   0.04991   0.01086   0.01108   0.07185        21       640    0.4736    0.3997    0.3034    0.1392   0.08889   0.01425   0.01653
    16/299     9.15G   0.04937   0.01078   0.01094   0.07109        26       640    0.3947    0.3941    0.3618    0.1569   0.08729   0.01482     0.017
    17/299     9.15G   0.04908   0.01063   0.01133   0.07104        13       640    0.7587   0.09552    0.1175   0.04671    0.1005   0.01357   0.04476
    18/299     9.15G   0.04821   0.01066   0.01016   0.06904        34       640     0.332    0.4676    0.4004    0.1734   0.08815   0.01404   0.01563
    19/299     9.15G   0.04824    0.0107  0.009808   0.06875        18       640    0.8711    0.3705    0.4783    0.2217   0.08676   0.01465   0.01537
    20/299     9.15G   0.04818   0.01068  0.009582   0.06845        31       640    0.3603    0.3749    0.3949     0.142   0.09255   0.01332   0.01691
    21/299     9.15G   0.04479   0.01048  0.009364   0.06463        25       640    0.9111    0.3494    0.4515    0.2199    0.0844   0.01534    0.0154
    22/299     9.15G   0.04579   0.01057  0.008961   0.06532        36       640    0.6156    0.4451    0.4912    0.2047   0.08662   0.01411   0.01493
    23/299     9.15G   0.04602   0.01052  0.008985   0.06552        11       640    0.4958    0.4597    0.4122    0.2006   0.08543   0.01528   0.01501
    24/299     9.15G   0.04585   0.01043  0.009256   0.06554        35       640    0.5496    0.5762    0.5829    0.2431   0.08602   0.01432   0.01482
    25/299     9.15G   0.04474   0.01038  0.008508   0.06363        24       640    0.5885    0.4309    0.5106    0.2376   0.08257   0.01562   0.01463
    26/299     9.15G    0.0447   0.01051  0.008255   0.06346        23       640    0.5117    0.5676    0.5289    0.2519   0.08396   0.01518   0.01368
    27/299     9.15G    0.0442   0.01018   0.00843   0.06281        42       640    0.7071    0.5026    0.5599    0.2556   0.08198     0.015   0.01386
    28/299     9.15G   0.04583   0.01034  0.008615   0.06478        15       640    0.6298    0.6142    0.6049    0.2641   0.08421   0.01449    0.0139
    29/299     9.15G   0.04441   0.01035  0.007982   0.06274        27       640    0.6795    0.5215    0.6093    0.2816   0.08397   0.01416   0.01472
    30/299     9.15G   0.04328   0.01037  0.007977   0.06162        18       640    0.7669    0.4686    0.5489     0.242   0.08659   0.01342   0.01367
    31/299     9.15G   0.04427  0.009868   0.00807   0.06221        37       640    0.6684    0.5295     0.603    0.2804   0.08635   0.01355   0.01317
    32/299     9.15G   0.04259  0.009783  0.007221    0.0596        32       640    0.5867     0.675    0.6502    0.2864   0.08382    0.0141   0.01373
    33/299     9.15G   0.04313   0.01021  0.007505   0.06084        33       640    0.6144    0.6179     0.656     0.291     0.084   0.01393    0.0128
    34/299     9.15G   0.04378  0.009976  0.007122   0.06087        22       640    0.6159    0.6589    0.6584    0.3015   0.08414   0.01413   0.01305
    35/299     9.15G   0.04016  0.009437  0.006702    0.0563        40       640     0.634    0.5708    0.6026    0.2834   0.08413   0.01449   0.01319
    36/299     9.15G   0.04159  0.009829  0.007089   0.05851        25       640    0.5599    0.6288    0.6365    0.2848   0.08349   0.01429   0.01314
    37/299     9.15G   0.04222  0.009612  0.007136   0.05897        45       640    0.6711    0.6338    0.6675     0.288   0.08157   0.01439   0.01278
    38/299     9.15G   0.04157   0.00944  0.006894   0.05791        19       640    0.5432    0.6298    0.5851    0.2695   0.07958     0.015   0.01292
    39/299     9.15G   0.04214  0.009676  0.006524   0.05834        28       640    0.6185    0.5928    0.5935    0.2792   0.08014   0.01529   0.01286
    40/299     9.15G   0.04197  0.009594  0.006825   0.05839        26       640    0.6357    0.7049    0.7028    0.3009   0.08097   0.01526   0.01272
    41/299     9.15G   0.04092  0.009861  0.006215     0.057        38       640    0.6604    0.6662    0.6788    0.2859   0.07815   0.01473   0.01267
    42/299     9.15G   0.04136  0.009592  0.006733   0.05768        22       640    0.6005    0.6577    0.6431    0.2688   0.08086    0.0145   0.01264
    43/299     9.15G   0.04091    0.0101  0.006695    0.0577        21       640    0.6769    0.5463    0.6354    0.2693   0.08038   0.01512   0.01277
    44/299     9.15G   0.04144  0.009731  0.006527    0.0577        25       640    0.6966    0.6504    0.7093     0.316   0.07893   0.01496   0.01274
    45/299     9.15G   0.04024  0.009727  0.006226   0.05619        26       640    0.6549    0.7043    0.7312    0.3019    0.0757    0.0156   0.01188
    46/299     9.15G   0.04058  0.009758  0.006153   0.05649        25       640    0.6411    0.7168    0.7075    0.3176   0.07745   0.01551   0.01301
    47/299     9.15G   0.03951  0.009847  0.006428   0.05578        27       640    0.7043    0.6598    0.6928    0.3182   0.07969   0.01526   0.01232
    48/299     9.15G    0.0408  0.009567  0.006071   0.05643        25       640    0.6955    0.7015    0.7291    0.3369   0.07712   0.01545    0.0125
    49/299     9.15G   0.03948  0.009719  0.005877   0.05508        36       640     0.663    0.7211    0.7373    0.3227   0.07908   0.01522   0.01263
    50/299     9.15G   0.03918  0.009398  0.005809   0.05438        18       640    0.6933    0.8089    0.7662     0.307   0.07662    0.0153    0.0121
    51/299     9.15G   0.04096  0.009389  0.005948   0.05629        26       640    0.7556    0.6703    0.7375    0.3122   0.07671   0.01515   0.01209
    52/299     9.15G   0.04016   0.00938    0.0059   0.05544        20       640    0.7398    0.7241    0.7285    0.3099   0.07778     0.015   0.01201
    53/299     9.15G   0.03775  0.009223  0.005463   0.05243        37       640    0.6957    0.7811    0.7433    0.3174   0.07529   0.01536   0.01235
    54/299     9.15G   0.03788  0.009388  0.005352   0.05262        18       640    0.6893    0.7447    0.7498    0.3308   0.07614   0.01549   0.01214
    55/299     9.15G   0.03869   0.00949  0.005769   0.05395        23       640     0.717    0.7218     0.739    0.3287   0.07601   0.01508   0.01229
    56/299     9.15G   0.03781  0.009371  0.005336   0.05251        23       640    0.7366    0.8097    0.8096    0.3704    0.0757   0.01495   0.01173
    57/299     9.15G   0.03685  0.009239  0.005173   0.05127        25       640    0.7323    0.7403    0.7531    0.3433   0.07608   0.01518   0.01197
    58/299     9.15G    0.0392  0.009463  0.005461   0.05413        31       640    0.7306     0.753    0.7941    0.3627   0.07431    0.0153   0.01202
    59/299     9.15G   0.03762  0.009152  0.005328    0.0521        29       640    0.7734     0.714    0.7658    0.3642   0.07495   0.01525   0.01197
    60/299     9.15G   0.03803  0.009138  0.005562   0.05273        19       640    0.7863    0.7433    0.8092    0.3788   0.07565   0.01562   0.01216
    61/299     9.15G   0.03756  0.009292  0.005206   0.05206        17       640    0.6859    0.7535    0.7736    0.3493   0.07553   0.01544   0.01216
    62/299     9.15G   0.03696  0.009297  0.004743     0.051        20       640     0.727    0.7092    0.7651    0.3592   0.07522   0.01529   0.01174
    63/299     9.15G    0.0378  0.009079  0.004739   0.05161        22       640    0.7981    0.7069    0.7896    0.3777   0.07448   0.01537   0.01142
    64/299     9.15G   0.03692  0.009124  0.004748   0.05079        22       640    0.7973    0.7327    0.7896    0.3586   0.07565   0.01487   0.01178
    65/299     9.15G     0.037  0.008908  0.005177   0.05108        27       640    0.7064    0.8384    0.7977    0.3521   0.07654   0.01484   0.01139
    66/299     9.15G   0.03777  0.009089  0.004912   0.05178        31       640    0.6898    0.7695    0.7428    0.3364   0.07564   0.01476   0.01199
    67/299     9.15G   0.03808   0.00895  0.005025   0.05205        33       640    0.7133     0.698     0.749    0.3619   0.07528   0.01528    0.0117
    68/299     9.15G   0.03698  0.009147  0.004778   0.05091        26       640    0.7299    0.7422    0.7791    0.3589   0.07494   0.01528    0.0115
    69/299     9.15G   0.03709  0.009058  0.005167   0.05131        29       640    0.7095    0.7618    0.7758    0.3689   0.07486    0.0152   0.01153
    70/299     9.15G   0.03686  0.009307    0.0048   0.05097        20       640    0.7997     0.721    0.7838    0.3565   0.07461   0.01528   0.01165
    71/299     9.15G   0.03611  0.009184  0.004457   0.04975        32       640    0.6762    0.7305    0.7176    0.3366   0.07566   0.01496   0.01141
    72/299     9.15G    0.0358  0.008845   0.00461   0.04925        36       640    0.7617     0.805    0.8192    0.3996   0.07366   0.01509   0.01159
    73/299     9.15G   0.03457  0.008939  0.004347   0.04786        24       640    0.8219    0.7193    0.8193    0.3762    0.0724   0.01511   0.01106
    74/299     9.15G   0.03603  0.009423  0.004266   0.04972        35       640    0.7289    0.7675     0.768    0.3818   0.07124   0.01584   0.01137
    75/299     9.15G   0.03528  0.008807  0.003863   0.04795        22       640    0.7244     0.837    0.7983    0.3742    0.0743   0.01511   0.01158
    76/299     9.15G   0.03601  0.009054  0.004309   0.04938        14       640    0.7193    0.7572     0.791    0.3644   0.07429   0.01514   0.01073
    77/299     9.15G   0.03613  0.009009   0.00474   0.04987        24       640    0.6881    0.7791    0.7896    0.3919   0.07319   0.01541   0.01176
    78/299     9.15G   0.03519   0.00915   0.00439   0.04873        30       640    0.7251    0.8134    0.7954    0.3996   0.07346   0.01555    0.0113
    79/299     9.15G   0.03532  0.008891  0.004128   0.04834        30       640    0.7526    0.7723    0.8378    0.4048   0.07395   0.01534   0.01099
    80/299     9.15G    0.0343    0.0089  0.004099    0.0473        18       640    0.7625    0.7794    0.8187    0.3829   0.07399   0.01522   0.01118
    81/299     9.15G   0.03492  0.008924  0.004014   0.04786        31       640    0.7916    0.8038    0.8244    0.3776   0.07245   0.01523   0.01086
    82/299     9.15G   0.03513  0.008971  0.004083   0.04819        23       640    0.7674    0.8092    0.8402    0.3884   0.07441   0.01514   0.01081
    83/299     9.15G   0.03501  0.008731  0.004281   0.04802        20       640     0.779    0.7404    0.8025    0.3548   0.07439   0.01508   0.01087
    84/299     9.15G    0.0343  0.008691  0.003812   0.04681        22       640     0.779    0.7624    0.8331    0.4069   0.07249   0.01511   0.01099
    85/299     9.15G   0.03438  0.009177  0.003805   0.04736        31       640     0.791    0.7442    0.8264     0.379   0.07281   0.01547   0.01061
    86/299     9.15G     0.035  0.008781  0.004227   0.04801        32       640    0.8164    0.7782    0.8259    0.3909    0.0717   0.01524   0.01049
    87/299     9.15G   0.03516  0.008724  0.004135   0.04802        18       640    0.7259    0.8256    0.8185    0.3593   0.07377   0.01511   0.01103
    88/299     9.15G   0.03361  0.008686  0.003498   0.04579        26       640    0.8161    0.8478    0.8724    0.4058   0.07203   0.01505   0.01021
    89/299     9.15G   0.03468  0.009222  0.004131   0.04803        40       640     0.807    0.8185    0.8559    0.4019   0.07286   0.01524   0.01023
    90/299     9.15G   0.03321  0.008736  0.003676   0.04562        36       640    0.7455    0.8757    0.8618     0.385   0.07321   0.01533   0.01039
    91/299     9.15G   0.03397  0.008726  0.003786   0.04648        21       640    0.7989    0.8679     0.895    0.3826   0.07199    0.0154    0.0105
    92/299     9.15G   0.03353    0.0085  0.003884   0.04591        27       640    0.8438    0.8249    0.8815    0.3858   0.07284   0.01511   0.01043
    93/299     9.15G   0.03267  0.008576  0.003631   0.04488        18       640    0.7773    0.7828    0.7908    0.3798   0.07361   0.01513   0.01132
    94/299     9.15G   0.03291  0.008542  0.003979   0.04543        19       640    0.8547    0.7648    0.8523    0.4057   0.07387   0.01495   0.01089
    95/299     9.15G   0.03251   0.00859  0.003361   0.04446        32       640    0.7543    0.8286     0.847    0.4057    0.0745     0.015   0.01093
    96/299     9.15G   0.03348  0.008694  0.003537   0.04571        20       640     0.786    0.7877     0.857    0.4003   0.07287    0.0153   0.01041
    97/299     9.15G   0.03229  0.008401  0.003506    0.0442        26       640    0.6835    0.8873    0.8232     0.384   0.07175   0.01546   0.01046
    98/299     9.15G   0.03259  0.008172  0.003505   0.04427        33       640    0.8493    0.7857    0.8439    0.4082    0.0728   0.01511    0.0102
    99/299     9.15G   0.03346   0.00875  0.003684    0.0459        30       640    0.7249    0.8662    0.8462    0.4057   0.07393   0.01511  0.009976
   100/299     9.15G   0.03397  0.008563  0.003768    0.0463        19       640    0.8084    0.7995    0.8113    0.4127    0.0718   0.01566   0.01043
   101/299     9.15G   0.03348  0.008884  0.003566   0.04593        26       640    0.8134    0.8306    0.8641    0.4122   0.07048   0.01536   0.01054
   102/299     9.15G   0.03231  0.008629   0.00328   0.04421        33       640    0.8156    0.8423     0.875    0.3845   0.06937    0.0156   0.01055
   103/299     9.15G   0.03346   0.00861  0.003935   0.04601        20       640    0.8284    0.7758    0.8106    0.3975    0.0694   0.01566   0.01028
   104/299     9.15G   0.03321  0.008664  0.003594   0.04546        25       640    0.8466    0.7855     0.873    0.3852   0.07042   0.01532   0.01016
   105/299     9.15G   0.03171   0.00848  0.003206    0.0434        27       640    0.8193    0.8099     0.856    0.4033   0.07006   0.01551   0.01022
   106/299     9.15G   0.03237   0.00838  0.003254   0.04401        13       640    0.9068      0.74    0.8546    0.4013   0.07113   0.01502   0.01016
   107/299     9.15G   0.03207  0.008695  0.003383   0.04415        17       640    0.8066    0.8907    0.8825    0.4137   0.07258   0.01467   0.01022
   108/299     9.15G    0.0319  0.008512  0.003079   0.04349        28       640     0.864    0.8126    0.8666    0.4178   0.07036   0.01506   0.01006
   109/299     9.15G   0.03192  0.008292  0.003141   0.04335        34       640    0.9244    0.8134    0.9066    0.4403   0.07035   0.01493  0.009943
   110/299     9.15G   0.03198  0.008342  0.003187   0.04351        44       640    0.7678    0.8778    0.8957    0.4431   0.07021    0.0151   0.01037
   111/299     9.15G   0.03209  0.008501  0.003482   0.04408        18       640    0.8612    0.7806     0.859    0.4288   0.07161   0.01482   0.01004
   112/299     9.15G   0.03132  0.008271  0.003067   0.04266        21       640    0.8525    0.8172    0.8974    0.4594   0.07075   0.01495   0.00984
   113/299     9.15G   0.03244  0.008433  0.003279   0.04416        29       640    0.7978    0.8801    0.8884    0.4205   0.07197   0.01465   0.01004
   114/299     9.15G   0.03166   0.00831  0.003151   0.04312        28       640    0.8633    0.8846    0.8983    0.4094   0.07222    0.0151   0.00993
   115/299     9.15G    0.0318  0.008435  0.003258   0.04349        29       640    0.8861    0.8115    0.8874    0.4399   0.07029   0.01527   0.01013
   116/299     9.15G   0.03158  0.008437  0.003154   0.04317        28       640    0.8373    0.8534    0.8852    0.4226   0.07111   0.01484   0.01004
   117/299     9.15G   0.03116  0.008216  0.003206   0.04259        20       640    0.8062     0.902    0.8864    0.4186   0.06943   0.01489  0.009809
   118/299     9.15G   0.03138  0.008409  0.003369   0.04316        40       640    0.8402    0.8023    0.8605    0.4368    0.0699   0.01516  0.009649
   119/299     9.15G   0.03102  0.008496  0.003116   0.04263        32       640    0.7948    0.8032    0.8209    0.4254   0.07047   0.01519  0.009496
   120/299     9.15G   0.03111  0.008366  0.003111   0.04258        27       640    0.8543    0.8294    0.8893     0.436   0.07069   0.01534   0.01013
   121/299     9.15G   0.03078  0.008158  0.002879   0.04181        46       640    0.7792    0.8592     0.849    0.4164   0.07051   0.01518  0.009979
   122/299     9.15G   0.03016  0.008253  0.002796    0.0412        27       640    0.8807     0.814    0.8715    0.4368   0.06919   0.01532   0.00969
   123/299     9.15G   0.03057  0.008462  0.003141   0.04218        17       640    0.8504    0.8651    0.8882    0.4117   0.07011   0.01488  0.009443
   124/299     9.15G   0.03123  0.008255   0.00306   0.04254        18       640    0.8958     0.816    0.8735     0.446   0.06753   0.01502  0.009525
   125/299     9.15G   0.03102  0.008361  0.003005   0.04239        36       640    0.8583    0.8118    0.8938    0.4372   0.06815   0.01501  0.009706
   126/299     9.15G   0.03026  0.008249  0.003042   0.04155        28       640    0.8531    0.8565    0.9014    0.4343   0.06818   0.01489  0.009702
   127/299     9.15G   0.03057  0.008084  0.002689   0.04134        11       640     0.847     0.828    0.8708    0.4133   0.06794   0.01516  0.009485
   128/299     9.15G   0.03107  0.008082   0.00273   0.04188        19       640     0.919    0.8161    0.8955    0.4241   0.06814   0.01514  0.009514
   129/299     9.15G   0.03036  0.008004  0.002848   0.04122        19       640    0.9304    0.8357    0.9109    0.4305    0.0688   0.01492  0.009343
   130/299     9.15G   0.03053  0.008094  0.002829   0.04145        27       640    0.8839    0.8671    0.9097    0.4551   0.06877   0.01472   0.00937
   131/299     9.15G   0.03013  0.007992  0.003043   0.04117        27       640    0.8106    0.8592    0.8602    0.4303   0.06805   0.01482  0.009559
   132/299     9.15G   0.03036  0.008025  0.003066   0.04145        45       640    0.8207    0.8777    0.8901    0.4266   0.06881   0.01515  0.009589
   133/299     9.15G   0.03044  0.008143  0.003052   0.04163        32       640    0.8244    0.8918    0.9017    0.4445   0.06968   0.01476  0.009609
   134/299     9.15G   0.02964  0.008148    0.0029   0.04069        22       640    0.8979    0.7844    0.8812    0.4463   0.06834   0.01539  0.009103
   135/299     9.15G   0.02948  0.008164  0.002721   0.04037        38       640    0.8292    0.8659    0.8785    0.4331   0.06862   0.01519  0.008923
   136/299     9.15G    0.0299  0.008185  0.002904   0.04099        21       640    0.8434    0.8706    0.8909    0.4463   0.06836    0.0151  0.009191
   137/299     9.15G   0.02986  0.007886  0.002681   0.04043        19       640    0.8594    0.8244    0.8889    0.4175   0.06838   0.01552  0.009386
   138/299     9.15G   0.02927  0.008206  0.002735   0.04022        23       640    0.8159    0.8725    0.8916    0.4373   0.06872   0.01522  0.009172
   139/299     9.15G   0.02923  0.008007  0.002647   0.03989        32       640    0.8578    0.8386    0.8724     0.426   0.06814   0.01495  0.009178
   140/299     9.15G   0.02985  0.008421   0.00296   0.04123        30       640    0.9073    0.8259    0.8958    0.4276   0.06817   0.01531  0.009608
   141/299     9.15G   0.02962  0.008021   0.00274   0.04038        22       640     0.781    0.8436    0.8476     0.416   0.06989   0.01543  0.009808
   142/299     9.15G   0.03048  0.008084  0.002854   0.04142        16       640    0.8842    0.8168    0.8736    0.4491   0.06897   0.01476  0.009185
   143/299     9.15G   0.02908  0.007918  0.002716   0.03971        16       640    0.8299    0.7999    0.8724    0.4375   0.06925    0.0149   0.00914
   144/299     9.15G   0.02949  0.008035  0.002668    0.0402        23       640    0.7638     0.869    0.8703    0.4227   0.06795   0.01537  0.009204
   145/299     9.15G   0.02881  0.008215   0.00262   0.03964        22       640    0.8721    0.8246    0.8893    0.4458     0.067   0.01535  0.009312
   146/299     9.15G   0.02857  0.008125  0.002442   0.03914        30       640     0.821     0.847    0.8906    0.4317   0.06807   0.01547  0.009389
   147/299     9.15G   0.02919  0.007964  0.002523   0.03967        30       640    0.8628     0.877    0.9078    0.4389   0.06832   0.01524  0.009327
   148/299     9.15G   0.02761  0.008012  0.002485   0.03811        26       640    0.8898    0.8481    0.8964    0.4315   0.06739   0.01534  0.009082
   149/299     9.15G   0.02843  0.007872  0.002697     0.039        19       640    0.9136    0.8896    0.9267    0.4386   0.06739   0.01517  0.008957
   150/299     9.15G     0.029  0.007966  0.002371   0.03934        30       640    0.9245    0.8657    0.9147    0.4358   0.06742   0.01529  0.008945
   151/299     9.15G   0.02878  0.007993  0.002547   0.03932        24       640    0.8841    0.8578    0.9092     0.422   0.06751   0.01537  0.008703
   152/299     9.15G   0.02786   0.00806  0.002708   0.03862        10       640     0.863    0.8487    0.8981    0.4226   0.06789   0.01541  0.008878
   153/299     9.15G   0.02828  0.007641  0.002547   0.03847        28       640    0.8276    0.9013    0.9148    0.4299   0.06833   0.01515  0.008884
   154/299     9.15G    0.0287  0.007779  0.002588   0.03907        21       640    0.8507    0.8522    0.8565    0.4329   0.06768    0.0154  0.009095
   155/299     9.15G   0.02872  0.007943  0.002627   0.03929        46       640    0.8215     0.915    0.9132    0.4381   0.06816   0.01501   0.00919
   156/299     9.15G   0.02838  0.007832  0.002523   0.03874        27       640    0.8926    0.8847    0.9144    0.4556   0.06835   0.01497  0.009575
   157/299     9.15G    0.0284  0.007801   0.00261   0.03881        24       640    0.8704    0.8494    0.9035      0.43   0.06777   0.01538  0.009239
   158/299     9.15G   0.02834  0.007351  0.002556   0.03825        31       640    0.9172    0.8452    0.8974    0.4393    0.0672   0.01513  0.009042
   159/299     9.15G   0.02777  0.007918  0.002503   0.03819        22       640     0.865     0.893    0.8975    0.4673   0.06668   0.01548  0.009024
   160/299     9.15G   0.02824  0.007697  0.002483   0.03842        20       640    0.8578    0.8814    0.8965    0.4609   0.06696   0.01516  0.008562
   161/299     9.15G   0.02811  0.007807  0.002525   0.03844        20       640    0.8661     0.878    0.8848    0.4512   0.06627   0.01557  0.008651
   162/299     9.15G   0.02801   0.00762  0.002347   0.03797        16       640    0.8527    0.8502    0.8757    0.4517   0.06576    0.0152  0.008545
   163/299     9.15G   0.02748  0.007612  0.002358   0.03745        50       640    0.8274    0.8943    0.8845    0.4498   0.06572   0.01514  0.008671
   164/299     9.15G   0.02824   0.00782  0.002437   0.03849        25       640    0.8658    0.8707      0.88    0.4378   0.06663   0.01507  0.008575
   165/299     9.15G   0.02765  0.007842  0.002337   0.03782        30       640    0.8237    0.8782    0.8659    0.4381   0.06669    0.0154  0.008733
   166/299     9.15G   0.02819  0.007685  0.002469   0.03835        30       640    0.8648    0.8668    0.8956    0.4538   0.06652   0.01518  0.008633
   167/299     9.15G   0.02788  0.007547  0.002534   0.03796        24       640    0.8851    0.8603    0.8781    0.4468    0.0661   0.01498  0.008679
   168/299     9.15G   0.02755  0.007457   0.00251   0.03751        31       640    0.9029    0.8433     0.905    0.4556   0.06622   0.01495  0.008634
   169/299     9.15G    0.0283  0.007737  0.002461    0.0385        26       640    0.8698    0.8381    0.8826    0.4384   0.06551   0.01511  0.008599
   170/299     9.15G   0.02715  0.007492  0.002193   0.03683        31       640    0.8674    0.8757    0.8791    0.4467    0.0657   0.01521  0.008442
   171/299     9.15G   0.02759  0.007495  0.002121    0.0372        34       640    0.9227    0.8712    0.8998    0.4441   0.06703    0.0157  0.008369
   172/299     9.15G   0.02681  0.007539  0.002293   0.03665        25       640    0.8719    0.8528     0.879    0.4447   0.06721   0.01524  0.008438
   173/299     9.15G    0.0272  0.007467  0.002309   0.03698        28       640    0.8904    0.8672    0.9173     0.466   0.06557   0.01497  0.008301
   174/299     9.15G   0.02734   0.00751  0.002369   0.03722        25       640     0.878    0.8757    0.8797    0.4569   0.06562    0.0151   0.00864
   175/299     9.15G   0.02657  0.007588  0.002128   0.03628        14       640    0.8832    0.8732    0.8934    0.4624   0.06595   0.01531  0.008816
   176/299     9.15G   0.02694   0.00768  0.002388   0.03701        17       640    0.8053    0.8585    0.8592    0.4277   0.06564   0.01538  0.008878
   177/299     9.15G   0.02703  0.007541  0.002572   0.03714        37       640    0.8381    0.8871    0.8872    0.4473   0.06462   0.01556  0.008674
   178/299     9.15G   0.02663  0.007483  0.002305   0.03642        21       640    0.8601    0.8811    0.8966    0.4484   0.06506   0.01533  0.008545
   179/299     9.15G    0.0271  0.007552   0.00228   0.03693        32       640    0.8896    0.8535    0.9197    0.4626   0.06678   0.01508  0.008696
   180/299     9.15G   0.02652  0.007539   0.00215   0.03621        29       640    0.8453    0.8829    0.8939    0.4464   0.06832   0.01512  0.008591
   181/299     9.15G   0.02703  0.007692  0.002304   0.03703        31       640    0.8587    0.8687    0.9036    0.4534   0.06718   0.01508  0.008781
   182/299     9.15G   0.02686  0.007577  0.002321   0.03675        24       640    0.8364    0.8852    0.8907     0.468   0.06687   0.01504  0.008534
   183/299     9.15G   0.02628  0.007563  0.002152     0.036        18       640    0.9079    0.8494     0.906    0.4619   0.06681   0.01512  0.008577
   184/299     9.15G   0.02644  0.007521  0.002195   0.03615        41       640    0.9164    0.8678    0.8884    0.4644   0.06641    0.0152  0.008571
   185/299     9.15G   0.02557  0.007446  0.001942   0.03496        23       640    0.9309    0.8553    0.9054    0.4503   0.06546   0.01488  0.008528
   186/299     9.15G   0.02618  0.007307  0.001985   0.03547        26       640    0.8942    0.8878    0.9068    0.4585   0.06523   0.01503  0.008479
   187/299     9.15G   0.02679  0.007531  0.002251   0.03657        18       640    0.8752    0.8895    0.8963    0.4577    0.0669   0.01511  0.008704
   188/299     9.15G   0.02632  0.007175  0.002036   0.03553        18       640    0.9077    0.8961     0.922    0.4655   0.06769   0.01497  0.008563
   189/299     9.15G   0.02566  0.007169  0.002021   0.03485        31       640     0.908    0.8776    0.8867    0.4548   0.06638   0.01541  0.008428
   190/299     9.15G   0.02636  0.007472  0.002164     0.036        14       640    0.8871    0.8748    0.8755    0.4563   0.06637   0.01513  0.008264
   191/299     9.15G   0.02548  0.007266    0.0019   0.03465        17       640      0.89    0.8563    0.8755    0.4537   0.06689   0.01504  0.008302
   192/299     9.15G   0.02627  0.007524  0.001944   0.03574        34       640    0.8494    0.9105    0.8913     0.457   0.06708   0.01496  0.008526
   193/299     9.15G   0.02607  0.007266   0.00227    0.0356        39       640    0.8383    0.8862    0.8627    0.4481    0.0662   0.01524  0.008741
   194/299     9.15G   0.02578  0.007405  0.001999   0.03519        28       640    0.8606    0.8574     0.873    0.4548   0.06603   0.01528  0.008578
   195/299     9.15G    0.0255  0.007368  0.002004   0.03487        22       640    0.8362     0.889     0.875    0.4557   0.06577   0.01505  0.008415
   196/299     9.15G   0.02606  0.007287  0.002052    0.0354        29       640    0.8375    0.8918    0.8702    0.4612   0.06616   0.01521  0.008445
   197/299     9.15G    0.0259  0.007268  0.001873   0.03504        46       640    0.8913    0.8734    0.8887    0.4602    0.0655   0.01524  0.008271
   198/299     9.15G   0.02618  0.007378  0.002106   0.03566        26       640    0.8956    0.8619    0.8803    0.4607   0.06571   0.01529  0.008395
   199/299     9.15G   0.02574  0.007177  0.002143   0.03506        27       640     0.873    0.8732    0.8878    0.4625   0.06583   0.01515  0.008493
   200/299     9.15G   0.02596  0.007552  0.001996   0.03551        23       640    0.9018    0.9115    0.9148    0.4629   0.06648   0.01502  0.008319
   201/299     9.15G   0.02524  0.007226  0.002024   0.03449        17       640    0.8576    0.8962    0.8931    0.4697   0.06656   0.01489  0.008317
   202/299     9.15G   0.02491  0.007213  0.002023   0.03415        16       640    0.8988    0.8946    0.8946    0.4685    0.0657    0.0149  0.008412
   203/299     9.15G   0.02514  0.007313  0.001802   0.03425        37       640    0.8448    0.9052    0.8913    0.4608   0.06575   0.01499  0.008487
   204/299     9.15G    0.0256  0.007271  0.001951   0.03482        20       640    0.8748    0.8828    0.8938    0.4681   0.06614    0.0153   0.00837
   205/299     9.15G   0.02607  0.007258  0.002169    0.0355        18       640    0.8785    0.8962    0.8923    0.4561   0.06551    0.0154  0.008703
   206/299     9.15G    0.0261  0.007509   0.00227   0.03588        22       640    0.8548    0.8931    0.8738      0.45   0.06573   0.01519  0.008733
   207/299     9.15G   0.02554  0.007146  0.002098   0.03478        23       640    0.8438    0.8849    0.8817    0.4431   0.06536   0.01536  0.008549
   208/299     9.15G   0.02531  0.007287  0.002068   0.03467        25       640    0.8732     0.863    0.8937    0.4586   0.06501   0.01543  0.008246
   209/299     9.15G   0.02545  0.007159  0.001995   0.03461        20       640    0.8694    0.8819    0.8914    0.4618   0.06569   0.01547  0.008192
   210/299     9.15G   0.02506  0.007058  0.001898   0.03401        23       640    0.8443     0.889    0.9065    0.4577   0.06601   0.01544  0.008287
   211/299     9.15G   0.02473   0.00711  0.002059    0.0339        46       640    0.8745    0.8748    0.8925    0.4441   0.06635   0.01524  0.008173
   212/299     9.15G   0.02595  0.007562  0.002256   0.03577        41       640    0.8827    0.8706     0.885     0.451    0.0663   0.01525  0.008043
   213/299     9.15G   0.02443  0.007158  0.001863   0.03346        20       640    0.8812    0.8789    0.8878    0.4549    0.0661   0.01549  0.008158
   214/299     9.15G   0.02422  0.007055  0.001923    0.0332        13       640    0.8782    0.8836    0.9014    0.4585   0.06616   0.01548  0.008156
   215/299     9.15G   0.02539  0.007302  0.001745   0.03444        37       640    0.8798    0.8791    0.8934    0.4609   0.06663   0.01541  0.008286
   216/299     9.15G   0.02478  0.007312  0.001746   0.03384        35       640    0.8856     0.856      0.88    0.4583    0.0665   0.01538  0.008225
   217/299     9.15G   0.02434  0.007001  0.001759    0.0331        36       640    0.8924    0.8561    0.8715    0.4459   0.06695   0.01541  0.008282
   218/299     9.15G   0.02468  0.007123  0.002002    0.0338        21       640    0.8404    0.9138     0.898    0.4402   0.06676    0.0152  0.008404
   219/299     9.15G    0.0251    0.0072  0.002002    0.0343        37       640    0.8851    0.8857    0.9049    0.4485   0.06632   0.01521   0.00837
   220/299     9.15G   0.02457  0.007061  0.001839   0.03347        26       640    0.9428    0.8599    0.9192    0.4656    0.0658   0.01522  0.008286
   221/299     9.15G   0.02466   0.00713  0.001819   0.03361        20       640    0.9176    0.8846    0.9156    0.4628   0.06574   0.01537  0.008396
   222/299     9.15G   0.02486  0.007234  0.002071   0.03416        27       640    0.8581    0.9004     0.893     0.454   0.06565   0.01542  0.008309
   223/299     9.15G    0.0246  0.007391  0.001754   0.03374        28       640    0.9082     0.877    0.9045    0.4609     0.066   0.01531  0.008269
   224/299     9.15G   0.02412  0.007011  0.001795   0.03292        29       640     0.882    0.9034    0.9138    0.4668   0.06578   0.01553  0.008178
   225/299     9.15G   0.02474  0.007155  0.001783   0.03368        19       640     0.889     0.887    0.9071    0.4687   0.06538   0.01532  0.008131
   226/299     9.15G   0.02434  0.007111  0.001781   0.03323        28       640    0.8757    0.8866    0.8969    0.4679   0.06531   0.01532  0.008233
   227/299     9.15G   0.02422  0.006917  0.001714   0.03285        36       640    0.8841    0.8783    0.8883    0.4599   0.06525   0.01529  0.008215
   228/299     9.15G   0.02404  0.007026  0.001979   0.03305        23       640    0.8937    0.9051    0.9006    0.4622   0.06536   0.01539  0.008078
   229/299     9.15G   0.02443  0.006938   0.00177   0.03314        29       640    0.8725    0.9068    0.9105    0.4753   0.06524   0.01526   0.00798
   230/299     9.15G   0.02415  0.007091  0.001724   0.03297        26       640     0.855    0.8776    0.8941    0.4776   0.06485   0.01528  0.008023
   231/299     9.15G   0.02424  0.006818   0.00173   0.03279        23       640    0.8829    0.8761    0.8809    0.4586   0.06454   0.01541  0.008117
   232/299     9.15G   0.02326  0.006944  0.001577   0.03178        11       640    0.8629    0.8765    0.8955    0.4666   0.06433   0.01547  0.008145
   233/299     9.15G   0.02383   0.00708  0.001867   0.03278        42       640    0.8593    0.8933    0.8837    0.4716   0.06443   0.01545  0.008138
   234/299     9.15G   0.02424  0.007256  0.001847   0.03334        38       640    0.8576    0.8639     0.879    0.4705   0.06424   0.01545  0.008217
   235/299     9.15G   0.02372  0.007086  0.001613   0.03242        24       640    0.8616    0.8536     0.881    0.4653   0.06381    0.0154  0.008345
   236/299     9.15G   0.02412  0.006673    0.0018   0.03259        15       640    0.8359    0.8912    0.8677    0.4624   0.06354   0.01544  0.008378
   237/299     9.15G   0.02347  0.006983  0.001799   0.03225        18       640    0.8726    0.8819    0.8754    0.4697   0.06365   0.01552  0.008295
   238/299     9.15G   0.02419   0.00702  0.001878   0.03309        12       640    0.8784    0.9047    0.8979    0.4673   0.06398    0.0153  0.008187
   239/299     9.15G   0.02369  0.006969  0.001848   0.03251        21       640    0.8786     0.898    0.9015     0.462   0.06393   0.01542  0.008277
   240/299     9.15G   0.02367  0.006807  0.001761   0.03224        27       640     0.877    0.8875    0.9029    0.4741   0.06342   0.01525  0.008284
   241/299     9.15G   0.02399  0.006906  0.001697   0.03259        21       640    0.8828    0.8923    0.8994    0.4817   0.06338   0.01533  0.008228
   242/299     9.15G   0.02402  0.007014  0.001863    0.0329        36       640    0.8571    0.9067     0.903    0.4816   0.06342   0.01532  0.008168
   243/299     9.15G   0.02322  0.006898  0.001696   0.03181        22       640    0.8695     0.871    0.8868    0.4725   0.06363    0.0154  0.008261
   244/299     9.15G   0.02401  0.006784  0.002241   0.03303        16       640    0.9012    0.8654    0.8867    0.4721   0.06386   0.01552  0.008183
   245/299     9.15G    0.0246  0.007102  0.001827   0.03353        11       640    0.8978    0.8896    0.9035    0.4734   0.06398   0.01555  0.008228
   246/299     9.15G   0.02328  0.006632  0.001623   0.03153        22       640    0.9168     0.857    0.8954    0.4705    0.0638   0.01558  0.008215
   247/299     9.15G   0.02347  0.006993  0.001602   0.03206        26       640    0.8991    0.8903    0.8975    0.4678   0.06377   0.01562  0.008268
   248/299     9.15G   0.02329  0.006972  0.001871   0.03213        37       640    0.9153     0.874    0.9083    0.4676    0.0639   0.01554  0.008216
   249/299     9.15G    0.0236  0.006979  0.001789   0.03236        22       640    0.8918     0.858    0.8909     0.473   0.06422    0.0156  0.008202
   250/299     9.15G   0.02383  0.007008  0.001774   0.03261        20       640    0.8748    0.8782    0.8932    0.4788   0.06415   0.01549  0.008144
   251/299     9.15G   0.02409  0.007062   0.00179   0.03294        24       640    0.8872    0.8842    0.9073    0.4622   0.06423   0.01557  0.008112
   252/299     9.15G   0.02332  0.006874  0.001722   0.03192        38       640    0.8938    0.8883    0.9024    0.4647    0.0643   0.01563  0.008121
   253/299     9.15G   0.02356  0.007193  0.001757   0.03251        23       640    0.8889    0.8923    0.9105    0.4598   0.06448   0.01559  0.008229
   254/299     9.15G   0.02321  0.006541  0.001643   0.03139        18       640    0.8653    0.8932    0.8973      0.47   0.06433   0.01564   0.00816
   255/299     9.15G   0.02371  0.006812  0.001978    0.0325        12       640    0.8738    0.8779     0.897    0.4639   0.06454   0.01566  0.008196
   256/299     9.15G   0.02305  0.006823  0.001606   0.03148        17       640    0.8548    0.8812    0.8923    0.4646   0.06435   0.01567  0.008065
   257/299     9.15G   0.02365  0.006946  0.001809   0.03241        27       640    0.8704    0.8849    0.8863    0.4691   0.06417    0.0157  0.007959
   258/299     9.15G   0.02408  0.006568  0.001781   0.03243        18       640    0.8683    0.8983    0.9021    0.4633   0.06425   0.01582  0.007809
   259/299     9.15G   0.02314  0.006901  0.001778   0.03182        32       640    0.8804    0.8979    0.8999    0.4696   0.06404   0.01579  0.007939
   260/299     9.15G   0.02417  0.006971  0.002077   0.03321        29       640    0.8672    0.8932    0.8992    0.4698   0.06379   0.01576  0.008126
   261/299     9.15G   0.02311  0.006744  0.001782   0.03163        19       640    0.8655    0.8783     0.889     0.463   0.06375   0.01577  0.008169
   262/299     9.15G   0.02292  0.006894  0.001749   0.03156        22       640    0.8921     0.881    0.9034    0.4599   0.06369   0.01579  0.008196
   263/299     9.15G   0.02297  0.006809  0.001687   0.03146        25       640    0.8828    0.8969    0.9081    0.4612   0.06365    0.0158  0.008158
   264/299     9.15G   0.02238  0.006729  0.001536   0.03065        24       640    0.9023    0.8881    0.9104    0.4641   0.06361   0.01577  0.008119
   265/299     9.15G   0.02299  0.007038  0.001926   0.03195        32       640    0.8974    0.8979    0.9063    0.4593   0.06358   0.01571  0.008116
   266/299     9.15G   0.02297   0.00698   0.00175    0.0317        24       640    0.9083    0.8885    0.9095     0.468   0.06353   0.01572  0.008034
   267/299     9.15G   0.02276  0.006685  0.001639   0.03108        29       640    0.9032    0.8806    0.8988    0.4692   0.06364   0.01583  0.007971
   268/299     9.15G   0.02288  0.006992  0.001639   0.03151        39       640    0.8579    0.8543    0.8771    0.4678   0.06394   0.01586  0.007922
   269/299     9.15G   0.02289  0.006718  0.001612   0.03121        25       640    0.8872    0.8538    0.8911    0.4695   0.06408   0.01587  0.007828
   270/299     9.15G   0.02242  0.006665  0.001578   0.03066        18       640    0.8859    0.8531    0.8822    0.4603   0.06394   0.01592  0.007797
   271/299     9.15G   0.02216   0.00676  0.001456   0.03038        34       640    0.8887    0.8425    0.8874    0.4612   0.06383   0.01587  0.007771
   272/299     9.15G   0.02248  0.006666   0.00155   0.03069        26       640    0.9061    0.8793    0.9051    0.4616   0.06371    0.0158  0.007648
   273/299     9.15G   0.02256   0.00665  0.001527   0.03074        33       640    0.9045    0.9004    0.9083    0.4691   0.06379   0.01583  0.007557
   274/299     9.15G   0.02329   0.00677  0.001701   0.03176        34       640    0.9111    0.9066    0.9222    0.4695   0.06397    0.0158  0.007592
   275/299     9.15G    0.0226  0.006675  0.001577   0.03085        35       640     0.884    0.8988    0.9047    0.4615   0.06382   0.01587  0.007605
   276/299     9.15G   0.02248  0.006822  0.001612   0.03091        30       640    0.8723    0.9059    0.9142     0.467   0.06354   0.01597  0.007685
   277/299     9.15G   0.02224   0.00684  0.001601   0.03068        31       640    0.8686    0.8981    0.9134    0.4705   0.06343   0.01608  0.007785
   278/299     9.15G   0.02307  0.006936   0.00172   0.03172        27       640    0.8978    0.8664    0.9104    0.4618   0.06342   0.01604  0.007787
   279/299     9.15G   0.02293   0.00677  0.001982   0.03168        31       640    0.8633    0.8977    0.9061    0.4666   0.06352   0.01598  0.007787
   280/299     9.15G   0.02241  0.006762  0.001565   0.03074        28       640    0.8929    0.8873    0.9059    0.4678   0.06367   0.01604  0.007778
   281/299     9.15G   0.02286  0.006914   0.00153    0.0313        37       640     0.893    0.8847    0.9076    0.4636   0.06356   0.01608  0.007773
   282/299     9.15G   0.02276  0.006947  0.001548   0.03126        33       640    0.9253    0.8966    0.9116    0.4698   0.06335   0.01598   0.00771
   283/299     9.15G   0.02221  0.006757  0.001663   0.03063        22       640    0.9229    0.8874    0.8989     0.471   0.06331   0.01603  0.007729
   284/299     9.15G   0.02232  0.006577  0.001513   0.03041        28       640    0.8992    0.8932    0.8987    0.4597   0.06329   0.01603  0.007744
   285/299     9.15G   0.02287  0.006658  0.001593   0.03112        33       640     0.912    0.8933    0.9024    0.4581   0.06334   0.01603  0.007674
   286/299     9.15G   0.02241  0.006857  0.001507   0.03077        19       640    0.9301     0.887    0.9043    0.4726   0.06324   0.01599  0.007642
   287/299     9.15G   0.02237  0.006591  0.001638    0.0306        18       640    0.9324    0.8891    0.9035    0.4713   0.06323   0.01586  0.007801
   288/299     9.15G   0.02255  0.006559  0.001608   0.03072        22       640    0.9029    0.8837    0.8918     0.474   0.06335   0.01589  0.007881
   289/299     9.15G   0.02241  0.006548  0.001582   0.03054        44       640    0.9237     0.886    0.9033    0.4758   0.06335   0.01592  0.007824
   290/299     9.15G   0.02285  0.006665  0.001594   0.03111        26       640    0.9245    0.8872    0.9061    0.4715   0.06322   0.01585  0.007739
   291/299     9.15G   0.02217  0.006905  0.001883   0.03096        25       640    0.9006    0.8723    0.8901    0.4738   0.06307   0.01578  0.007691
   292/299     9.15G   0.02302  0.006666  0.001844   0.03153        26       640    0.9146    0.8794    0.9028    0.4766   0.06312   0.01584  0.007746
   293/299     9.15G   0.02229  0.006469  0.001599   0.03036        32       640    0.9052    0.8778    0.8905    0.4668   0.06314    0.0159  0.007771
   294/299     9.15G   0.02217  0.006912  0.001576   0.03066        10       640    0.9278    0.8637    0.9036     0.464   0.06306    0.0159  0.007777
   295/299     9.15G   0.02244  0.006547  0.001604   0.03059        35       640    0.9036    0.9004    0.8988    0.4595   0.06323   0.01589  0.007695
   296/299     9.15G   0.02211   0.00674  0.001393   0.03025        32       640    0.8897    0.9004    0.8967    0.4746   0.06308   0.01582  0.007597
   297/299     9.15G   0.02236  0.006891  0.001563   0.03081        29       640    0.9066    0.8966    0.8992    0.4763   0.06314   0.01583  0.007631
   298/299     9.15G    0.0223  0.006608  0.001613   0.03052        25       640    0.9098    0.8822    0.8831    0.4714   0.06315   0.01591  0.007713
   299/299     9.15G   0.02163  0.006668  0.001468   0.02977        16       640    0.9187    0.8867    0.9008    0.4706   0.06309   0.01591    0.0077
